30
-763.445821495178
O -2.07633891 1.35861081 -1.32323339
H -1.93579468 0.40058541 -1.56553969
H -2.77021462 1.68308297 -1.90398943
O -1.65180486 -1.99490313 1.08705276
H -2.12622587 -2.68113328 1.56485571
H -0.69793914 -2.22011779 1.16427908
O -1.65557460 -1.20862853 -1.70829987
H -0.70397915 -1.40058524 -1.86474507
H -1.82439876 -1.61134997 -0.84233973
O 2.19746262 -0.01955552 1.34711007
H 2.44292561 0.26694884 0.44864469
H 1.60256796 0.68328674 1.66857445
O 0.30572473 1.96608164 1.94217394
H -0.58560050 1.53434979 1.85820093
H 0.25203860 2.54737960 2.70585609
O -2.02126043 0.80048185 1.44640910
H -2.21616762 1.06091023 0.52803804
H -1.95513440 -0.16993742 1.41200428
O 2.37113931 0.73518345 -1.36366407
H 3.07583001 1.13088728 -1.88403414
H 1.66822162 1.43205600 -1.27460812
O 0.45210010 2.49492631 -0.86312962
H -0.43542688 2.18428068 -1.12249510
H 0.42044304 2.51977509 0.10833285
O 1.04704636 -2.36318699 1.04154932
H 1.49325646 -1.49013680 1.23091250
H 1.56101156 -3.02652482 1.51113984
O 1.03789602 -1.73435849 -1.81458315
H 1.16068328 -2.12081678 -0.93390428
H 1.55116927 -0.90818468 -1.78062719
30
-763.446022420294
O -0.03872887 2.57786714 1.06986543
H -0.24015955 3.37674209 1.56554951
H -0.78516470 1.94346905 1.26267959
O -2.00355772 0.85294634 1.38581043
H -1.71549520 -0.02623919 1.69443378
H -2.33629089 0.69885732 0.48312920
O -1.00874580 -1.70340304 1.94505642
H -0.02096362 -1.65189505 1.84799939
H -1.17617574 -2.25701657 2.71279791
O 1.97941446 0.51832929 -1.77742845
H 1.78391130 -0.43390160 -1.73260794
H 2.29793971 0.73690850 -0.88817311
O 1.25259556 -2.18268684 -1.29758330
H 0.26193931 -2.20862882 -1.22595307
H 1.50533664 -2.95380528 -1.81276774
O -0.33858521 1.99237579 -1.76601952
H 0.48884276 1.47491321 -1.88589739
H -0.21755236 2.41910643 -0.90370605
O -2.40479725 0.40763205 -1.36829783
H -1.64510846 1.00650479 -1.61373156
H -3.12448626 0.62670053 -1.96670857
O -1.36574875 -2.14628278 -0.85168746
H -1.41117801 -2.12644304 0.11930006
H -1.78643713 -1.31174235 -1.13097869
O 2.30917850 1.18905657 1.02949042
H 3.03076634 1.63857314 1.47824099
H 1.52072550 1.76585499 1.13608012
O 1.58695967 -1.52619617 1.42316203
H 1.64018143 -1.84894542 0.50547164
H 1.89756899 -0.60514436 1.37808015
