33
-839.789643561964
O 2.30787657 1.91582874 0.32524945
H 2.35985555 0.94741971 0.42440228
H 1.66953535 2.18988702 1.00572522
O -0.00876676 -0.36960462 -1.81337729
H -0.92528609 -0.12298659 -1.59464064
H 0.39742595 0.46500404 -2.10986371
O -0.53401222 -3.08984160 -0.91510883
H -0.32379436 -2.33775330 -1.48779727
H -1.11361104 -2.70393279 -0.23679804
O -2.11462770 -1.58955063 1.02252347
H -2.69940911 -2.01669969 1.65533971
H -1.41506087 -1.12043789 1.56712487
O 0.99290813 2.24052396 -1.95530093
H 1.47367563 2.77521018 -2.59335279
H 1.57278208 2.17911050 -1.14821240
O 1.91049715 -3.54515921 0.26124821
H 2.45612161 -4.16519256 -0.22922843
H 1.03356604 -3.55512496 -0.17831258
O 1.74500978 -0.80705131 0.35826557
H 1.13857101 -0.73223745 -0.40449152
H 2.03166453 -1.74266019 0.35262759
O -0.01589066 2.47181560 1.90672324
H -0.19979082 3.18343083 2.52631014
H -0.56899822 2.65192283 1.10445566
O -1.33155699 2.75659581 -0.39993965
H -1.88091976 1.97129934 -0.55923928
H -0.62116785 2.70143894 -1.06321051
O -0.19776270 -0.33031229 2.26392848
H 0.57831400 -0.54496100 1.70543875
H -0.21560765 0.64285864 2.28008353
O -2.60809689 0.24663953 -0.88298569
H -2.60632444 -0.41763938 -0.15599189
H -3.40510894 0.08230500 -1.39524192
33
-839.789202141448
O 0.88250427 -3.23974413 -0.75412112
H 1.32269815 -4.06975769 -0.95814359
H -0.05307207 -3.47006042 -0.56247064
O -0.05794332 -0.30269279 2.48388706
H 0.74578979 -0.75921873 2.09556189
H -0.13839807 -0.62240790 3.38706102
O -0.38099541 2.40325528 1.71155435
H -1.20366512 2.30755162 1.20396256
H -0.21471376 1.51705067 2.08078725
O -0.51352110 2.10587808 -2.06631854
H -0.19826982 1.21006539 -2.26607215
H 0.21930950 2.52299208 -1.57760921
O -1.76280947 -3.42526429 -0.13014093
H -1.94101266 -2.47326602 0.01151772
H -2.46916443 -3.73931446 -0.70081252
O 1.95926341 -1.45956904 1.28869912
H 2.31937803 -0.75474328 0.70592686
H 1.65337236 -2.14271006 0.66905172
O 0.21919026 -0.62741709 -1.74878674
H -0.41890915 -0.67609377 -1.00839002
H 0.54611761 -1.53759154 -1.81549419
O 2.56829052 0.46487908 -0.56456732
H 2.37254052 1.39748117 -0.37891446
H 1.79969156 0.17099436 -1.08507888
O -2.42523080 1.86413604 -0.23583326
H -3.23906566 2.31320081 -0.48077006
H -1.78873745 2.00537840 -0.98675668
O -1.67878510 -0.73753309 0.32138175
H -1.21878257 -0.61510036 1.17806575
H -2.15485375 0.09912460 0.15930787
O 1.38453296 3.03958791 -0.18917676
H 0.78910617 2.87609789 0.58550096
H 1.77215710 3.90858512 -0.05318036
