36
-916.143961869722
O 0.03165960 1.94187176 0.06679128
H -0.74615502 1.34154336 0.05152664
H 0.08053026 2.25732617 0.98615115
O -0.19476394 -2.00482005 2.87105452
H -0.42043626 -2.64471266 3.55217909
H -0.89203476 -1.30058198 2.90960415
O -0.03165960 -1.94187176 0.06679128
H 0.74615502 -1.34154336 0.05152664
H -0.08053026 -2.25732617 0.98615115
O -1.94187176 0.03165960 -0.06679128
H -1.34154336 -0.74615502 -0.05152664
H -2.25732617 0.08053026 -0.98615115
O 0.06021791 1.89469981 -2.76324406
H 0.13073705 2.19834150 -1.84327086
H 0.84011045 1.32778074 -2.89379073
O -2.00482005 0.19476394 -2.87105452
H -2.64471266 0.42043626 -3.55217909
H -1.30058198 0.89203476 -2.90960415
O 1.94187176 -0.03165960 -0.06679128
H 1.34154336 0.74615502 -0.05152664
H 2.25732617 -0.08053026 -0.98615115
O 1.89469981 -0.06021791 2.76324406
H 1.32778074 -0.84011045 2.89379073
H 2.19834150 -0.13073705 1.84327086
O 0.19476394 2.00482005 2.87105452
H 0.42043626 2.64471266 3.55217909
H 0.89203476 1.30058198 2.90960415
O 2.00482005 -0.19476394 -2.87105452
H 2.64471266 -0.42043626 -3.55217909
H 1.30058198 -0.89203476 -2.90960415
O -0.06021791 -1.89469981 -2.76324406
H -0.13073705 -2.19834150 -1.84327086
H -0.84011045 -1.32778074 -2.89379073
O -1.89469981 0.06021791 2.76324406
H -1.32778074 0.84011045 2.89379073
H -2.19834150 0.13073705 1.84327086
36
-916.143561432670
O -1.33929554 1.39954882 -0.06889217
H -1.58366473 1.62037156 -0.98439619
H -0.36000272 1.48581363 -0.05007669
O 1.32380159 -1.35808713 2.76376947
H 1.51516709 -0.41315450 2.89563663
H 1.58104243 -1.53301170 1.84364014
O 1.26655364 1.40443707 -2.76207908
H 1.50051736 0.46842644 -2.88941171
H 1.51651402 1.59222976 -1.84236627
O -1.32380159 1.35808713 2.76376947
H -1.51516709 0.41315450 2.89563663
H -1.58104243 1.53301170 1.84364014
O 1.40430224 -1.44783353 -2.88553232
H 1.74465085 -2.03065876 -3.57034924
H 0.41608222 -1.51903633 -2.92750162
O -1.26655364 -1.40443707 -2.76207908
H -1.50051736 -0.46842644 -2.88941171
H -1.51651402 -1.59222976 -1.84236627
O 1.40539079 1.33788940 0.07235717
H 1.60942064 1.58553023 0.99098222
H 1.49105847 0.35885495 0.05420709
O 1.33929554 -1.39954882 -0.06889217
H 0.36000272 -1.48581363 -0.05007669
H 1.58366473 -1.62037156 -0.98439619
O -1.40430224 1.44783353 -2.88553232
H -0.41608222 1.51903633 -2.92750162
H -1.74465085 2.03065876 -3.57034924
O 1.34778159 1.49549493 2.87714180
H 1.66820523 2.08952263 3.56177916
H 0.35759734 1.53744404 2.91373775
O -1.40539079 -1.33788940 0.07235717
H -1.60942064 -1.58553023 0.99098222
H -1.49105847 -0.35885495 0.05420709
O -1.34778159 -1.49549493 2.87714180
H -0.35759734 -1.53744404 2.91373775
H -1.66820523 -2.08952263 3.56177916
36
-916.143177157399
O 0.02751141 1.93566820 0.07328608
H 0.04990730 2.26636188 0.98803409
H -0.74886632 1.33249504 0.05051361
O 1.88276066 -0.15951353 2.76396476
H 1.41566264 0.68471570 2.89186417
H 2.19404660 -0.12723694 1.84455029
O 0.15951353 1.88276066 -2.76396476
H -0.68471570 1.41566264 -2.89186417
H 0.12723694 2.19404660 -1.84455029
O 1.93566820 -0.02751141 -0.07328608
H 2.26636188 -0.04990730 -0.98803409
H 1.33249504 0.74886632 -0.05051361
O -0.02751141 -1.93566820 0.07328608
H -0.04990730 -2.26636188 0.98803409
H 0.74886632 -1.33249504 0.05051361
O 2.01731930 -0.03600917 -2.88985345
H 1.39256810 0.73323426 -2.93075189
H 2.67358669 0.11452881 -3.57619773
O -2.01731930 0.03600917 -2.88985345
H -2.67358669 -0.11452881 -3.57619773
H -1.39256810 -0.73323426 -2.93075189
O -1.88276066 0.15951353 2.76396476
H -1.41566264 -0.68471570 2.89186417
H -2.19404660 0.12723694 1.84455029
O -0.15951353 -1.88276066 -2.76396476
H -0.12723694 -2.19404660 -1.84455029
H 0.68471570 -1.41566264 -2.89186417
O -1.93566820 0.02751141 -0.07328608
H -1.33249504 -0.74886632 -0.05051361
H -2.26636188 0.04990730 -0.98803409
O -0.03600917 -2.01731930 2.88985345
H 0.11452881 -2.67358669 3.57619773
H 0.73323426 -1.39256810 2.93075189
O 0.03600917 2.01731930 2.88985345
H -0.11452881 2.67358669 3.57619773
H -0.73323426 1.39256810 2.93075189
