39
-992.489229266737
O 0.62725267 4.06482935 -1.46547975
H -0.22000597 3.55230149 -1.49413423
H 0.82320703 4.29031177 -2.37847608
O -0.54328327 -2.81695190 -2.23150113
H -1.00741214 -3.07744584 -1.39436845
H -0.88547332 -3.39383156 -2.92027674
O 1.99421048 -2.71284623 -0.92387315
H 2.15374024 -1.75464111 -0.87795780
H 1.24690727 -2.80551567 -1.53960420
O -1.59636473 2.58020885 -1.42457742
H -1.91519191 2.50955041 -0.50797486
H -1.38177077 1.66641348 -1.67855060
O 1.75365117 0.04474452 -0.37198959
H 2.10025512 0.94870835 -0.26061503
H 1.38948792 -0.19137890 0.50978319
O -1.59137525 -3.31708997 0.17819108
H -1.95863906 -2.48100028 0.50898682
H -0.81405820 -3.48294040 0.73960251
O 0.96603030 -3.42424339 1.44091931
H 1.43033816 -4.15991600 1.85012912
H 1.43762701 -3.23702747 0.58834157
O -1.93945193 -0.55847082 0.71847173
H -2.30605300 0.29052363 1.02222955
H -1.57999061 -0.36128125 -0.17425729
O 2.19598773 2.74523356 0.22299733
H 2.99042533 3.24681037 0.42729782
H 1.69760769 3.28290410 -0.44411306
O 0.32189334 2.10493186 2.28702934
H 0.98974618 2.40547660 1.64531805
H 0.52794465 1.16721956 2.43142251
O 0.50373313 -0.70245198 1.95927314
H 0.73457678 -1.64095810 2.07165319
H -0.41439616 -0.71121885 1.60860172
O -0.66424644 -0.06944166 -1.67395528
H 0.24759590 0.01640600 -1.31864557
H -0.68069364 -0.93644032 -2.11696033
O -2.18405667 2.16758745 1.33962469
H -1.27550090 2.22395804 1.73201585
H -2.74347700 2.72877577 1.88408893
39
-992.488851706842
O 1.50624284 -4.05154561 0.58419233
H 0.91480064 -3.54787537 1.19889470
H 2.28402836 -4.27587103 1.10141271
O -0.45848256 3.47751295 -1.63590588
H -0.75204588 4.27117229 -2.09229842
H -0.84287856 3.52518385 -0.72290148
O 2.10064794 2.72060869 -0.60687752
H 1.34417562 3.05940248 -1.11652419
H 2.15043574 1.77892367 -0.84468349
O 1.44558764 -2.71938624 -1.71272396
H 1.87569996 -3.21316002 -2.41671991
H 1.55695235 -3.26196337 -0.89079712
O 1.28107559 2.80841395 1.93045344
H 1.68261258 2.84410096 1.02327345
H 1.84922458 3.33756535 2.49756370
O 1.52225781 -0.02729213 -0.94222282
H 0.64798307 0.20921622 -1.32464330
H 1.70241915 -0.92429163 -1.27744421
O -1.32696484 3.32633904 0.88880879
H -1.77603086 2.47203960 0.99704253
H -0.51419774 3.24106904 1.41726920
O -2.47854825 -2.18863398 0.54573821
H -2.09957105 -2.23277399 -0.36910965
H -3.25371542 -2.75730953 0.53946183
O -0.12936062 -2.59300941 2.11685739
H -0.99667653 -2.52634986 1.68070570
H 0.19181514 -1.67633274 2.16114463
O -1.89241877 0.54189768 0.83620674
H -2.36084467 -0.31042693 0.87246576
H -1.01305634 0.35177105 1.23141561
O 0.68219318 0.07267265 1.67310026
H 0.99389597 0.93281396 2.00621820
H 1.09087978 -0.01147133 0.78328803
O -0.98993990 0.71352608 -1.74892750
H -1.40897620 0.71074641 -0.85932705
H -0.93187007 1.65475560 -1.98806970
O -1.34038722 -2.09448968 -1.87892203
H -1.29882059 -1.15470879 -2.11903686
H -0.41246791 -2.38956539 -1.88711318
39
-992.488517593933
O 1.47645366 4.12773163 0.45442254
H 0.95612229 3.60940662 1.11918962
H 2.28578166 4.38637891 0.90254711
O 2.07907950 -2.70646083 -0.74981108
H 2.09784830 -1.76614607 -0.99609456
H 1.28599035 -3.05894911 -1.18952151
O 1.25444510 2.72293047 -1.78632996
H 1.42109251 3.30656351 -1.00283661
H 1.62921228 3.18198861 -2.54359766
O 1.45888465 -2.77478820 1.84871436
H 1.79249374 -2.80733824 0.91487050
H 2.07448128 -3.29371996 2.37393154
O -0.54883610 -3.48336248 -1.56743046
H -0.86532815 -3.52014264 -0.62815572
H -0.86687940 -4.28629572 -1.98988467
O -2.46027526 2.17116603 0.75998631
H -3.24630649 2.72165227 0.82081585
H -2.16286300 2.22330390 -0.18427166
O -0.97980935 -0.71376063 -1.77521927
H -0.95840990 -1.66539544 -1.97686683
H -0.04541255 -0.48045305 -1.57828183
O -1.21754841 -3.32531021 1.01973723
H -0.36424048 -3.23448136 1.47832966
H -1.65644316 -2.46854743 1.14969491
O 0.01487944 2.62904660 2.11301349
H -0.88729367 2.54463765 1.75746049
H 0.34487638 1.71517791 2.14870714
O -1.53028841 2.07654747 -1.74702644
H -1.50733072 1.14108682 -2.00500712
H -0.60540782 2.37197258 -1.82417884
O 0.67212668 -0.08482565 1.65305489
H 1.04905230 -0.92350864 1.97265141
H -0.26413951 -0.30152536 1.44404866
O -1.88844806 -0.58306037 0.81393144
H -2.34129913 0.26984629 0.93654050
H -1.67895080 -0.61528221 -0.14592362
O 1.52252424 0.05281621 -0.96040483
H 1.62912061 0.96603722 -1.28318670
H 1.31453928 0.12663194 -0.00338324
39
-992.488135455632
O 1.61277633 3.30744266 -0.02045670
H 0.88853163 3.48623385 -0.64556995
H 1.99171025 2.46594018 -0.32341556
O 0.38141599 2.82726180 2.30246313
H 0.67040869 3.40550655 3.01409312
H 0.90497102 3.08974626 1.50178995
O 2.29678144 -2.18119663 -1.15034144
H 1.42705405 -2.23504783 -1.62283639
H 2.90236966 -2.73940839 -1.64653452
O 1.92196945 0.57485748 -0.72633210
H 1.10690458 0.60832103 -1.27529144
H 2.33474532 -0.27663110 -0.95351001
O -2.14560039 -2.73510532 -0.40459037
H -2.94084531 -3.19669764 -0.68578455
H -1.72082248 -3.31347839 0.27901590
O 1.45003977 -2.61563021 1.54437348
H 1.23532496 -1.70031859 1.79233785
H 1.85371503 -2.53753354 0.66218370
O -0.51917135 0.70496003 -1.96278895
H -0.69616197 1.65116704 -2.10262047
H -1.05617020 0.46979389 -1.17310717
O -0.11391769 -2.09139095 -2.31019957
H -0.31032676 -1.15741964 -2.48617722
H -0.83291601 -2.38437036 -1.72194076
O -0.74822101 -4.12351670 1.37434773
H 0.08611840 -3.60173022 1.48838432
H -1.01944505 -4.37639046 2.26045425
O 0.65207054 0.09860522 1.65386160
H 1.18386559 0.30446781 0.85188040
H 0.62643637 0.93902462 2.14421936
O -1.76189519 -0.05989636 0.35688772
H -2.06428237 -0.97418030 0.20855981
H -0.95105288 -0.12858346 0.90694559
O -2.03402658 2.72535385 0.78248385
H -2.19521853 1.76874685 0.71904444
H -1.34176148 2.80817747 1.46121418
O -0.83335557 3.46688665 -1.48655278
H -1.36359372 3.27760415 -0.66954813
H -1.25883119 4.21499257 -1.91513033
39
-992.489357611337
O -2.24089631 -2.63760896 0.33802321
H -1.66478630 -2.73703651 1.11555561
H -2.33287128 -1.67217039 0.24648341
O -0.10671926 -2.60119028 2.26292241
H 0.07526995 -3.21573760 2.97985481
H 0.52580544 -2.83970547 1.53731961
O -0.13130623 2.45222412 -2.11109989
H -0.09534806 1.50150016 -2.30630964
H -0.99771951 2.59523188 -1.69408012
O -2.32887747 2.76134958 -0.32614161
H -1.78932208 2.95143266 0.48423278
H -3.11297828 3.31429477 -0.27148109
O 2.38633920 0.92213289 1.02259563
H 1.54613711 0.67383651 1.46235422
H 2.20910494 1.79935665 0.64029924
O -0.62955492 3.05316628 1.71093567
H 0.18721856 3.25775729 1.22318212
H -0.45612774 2.19831284 2.13687101
O 0.10780129 -0.42390074 -2.05718222
H -0.18197714 -1.33895301 -2.22760801
H 1.01757048 -0.52119422 -1.71021166
O -1.77310772 0.05853061 -0.10233810
H -2.18111473 0.93303967 -0.23597761
H -1.11552363 -0.04668639 -0.82292844
O 1.49229969 3.31457486 -0.16189104
H 1.98775753 4.09097241 -0.43659320
H 0.96664694 3.02661197 -0.95032942
O -0.09220391 0.23870162 2.06889012
H -0.05631382 -0.66917340 2.41705887
H -0.71330243 0.16184611 1.31291945
O 2.59833365 -0.84491102 -0.88907711
H 3.45950719 -0.80088891 -1.31410408
H 2.61055463 -0.16599774 -0.15374516
O 1.40601918 -3.17382000 0.12936859
H 0.77824283 -3.32552048 -0.59723878
H 1.94972772 -2.42888231 -0.18505175
O -0.71105425 -3.11122492 -1.78931660
H -1.35971127 -3.01636428 -1.04194657
H -1.07123526 -3.78439551 -2.37382409
39
-992.489507910671
O 0.24329126 -2.94134194 -1.89516898
H -0.56205479 -3.17648432 -1.40283704
H 0.10723228 -2.02102356 -2.17497636
O -1.81727331 -3.35821863 0.03348366
H -1.19970796 -3.28613395 0.80535974
H -2.39838129 -4.10139281 0.21803666
O 3.23719752 2.20137202 -0.06456445
H 3.97173656 2.30431397 0.54583349
H 2.91457687 1.28577779 0.05858504
O 0.82060245 3.53289564 0.10006189
H 1.71836191 3.14872974 0.04673039
H 0.39574035 3.32207945 -0.74804960
O -0.24142146 -0.08636393 1.85965441
H -0.95863039 -0.25432062 1.20982451
H -0.39798347 0.83205455 2.14913854
O -2.63453089 2.15409003 -0.14179894
H -2.17501076 2.38646902 0.68414492
H -2.71967502 1.18645252 -0.10141880
O 0.01690965 -0.09954294 -1.90978775
H 0.76018571 -0.01805724 -1.27672373
H -0.18348173 0.81242920 -2.19071821
O -0.81248071 2.58039341 -2.05258075
H -1.14849898 3.11659722 -2.77663250
H -1.56474887 2.47879004 -1.41300977
O -0.79379464 2.64810972 1.99151980
H -0.87961315 3.29573699 2.69688027
H -0.13895391 3.02973474 1.34449872
O -2.04563936 -0.58216308 -0.16162165
H -2.23847141 -1.53592393 -0.14400325
H -1.37287214 -0.46593380 -0.86840570
O 1.89009726 -0.16205078 0.14633672
H 2.17123067 -1.09582032 0.14070439
H 1.19645647 -0.10543312 0.84251078
O 0.02010522 -2.92862223 1.93549688
H 0.85476276 -3.00831156 1.44272873
H -0.01823328 -1.99672189 2.20656801
O 2.11456545 -2.93426472 0.00208924
H 1.49313659 -3.01392789 -0.76814340
H 2.84787900 -3.52979086 -0.17611985
39
-992.489116936073
O 0.24148895 2.91949388 -1.92087891
H 0.12072509 1.99515362 -2.19379201
H -0.57097157 3.14595727 -1.43553416
O 3.22071692 -2.19922789 0.30269236
H 2.91187270 -1.28212995 0.15739281
H 4.00226626 -2.30300717 -0.24601910
O 0.82619605 -3.53685510 -0.04432862
H 1.71631187 -3.14987375 0.07489569
H 0.34079983 -3.32957901 0.77174055
O -0.65655698 -2.65360973 -2.04192760
H -0.04611511 -3.03337572 -1.35198051
H -0.69428323 -3.30259502 -2.75020609
O 1.89883990 0.17026454 0.00206436
H 1.25833844 0.10694248 -0.74328845
H 2.18939318 1.10090665 0.00136987
O -2.63707979 -2.15243455 -0.04052422
H -2.71461477 -1.18439341 -0.08595280
H -2.12234761 -2.38660546 -0.83289214
O -2.04056871 0.58425133 0.01407986
H -2.24785068 1.53497328 0.00125991
H -1.42159914 0.46812069 0.76919299
O -1.82090293 3.37468807 0.00083210
H -2.39511091 4.12621499 0.17333820
H -1.19449656 3.31865303 0.76739607
O -0.10385160 0.07849319 -1.86354726
H -0.24412889 -0.83698706 -2.16959338
H -0.86480905 0.24582455 -1.26490509
O 2.11640661 2.95438937 -0.02963043
H 1.48935557 3.03174476 -0.79529751
H 2.83780588 3.56507714 -0.20524267
O 0.01368423 2.94723897 1.89597947
H -0.03420213 2.01934883 2.17893429
H 0.85350351 3.01308804 1.40960202
O -0.95371153 -2.59453862 1.99007972
H -1.34033351 -3.13483856 2.68526771
H -1.65972756 -2.48575304 1.30087207
O -0.11674773 0.08719768 1.90959496
H -0.33426454 -0.82460070 2.17725993
H 0.67136637 0.00764807 1.33330542
39
-992.489279862756
O 0.00509638 -2.96229358 1.91570362
H 0.84563828 -3.03178757 1.43137690
H -0.03787576 -2.03606763 2.20418875
O 2.12211041 -2.93391765 0.00940597
H 2.85816051 -3.52676589 -0.16660301
H 1.51090244 -3.00356493 -0.77020100
O -0.93656926 2.62025533 1.98569490
H -1.32487107 3.18109352 2.66341702
H -1.64022377 2.50367770 1.29473017
O -0.25727383 -0.11513691 1.87892554
H -0.43747543 0.79191683 2.18565373
H -0.96381480 -0.28162658 1.21579927
O -0.68103110 2.61919909 -2.06142277
H -0.70206381 3.23306550 -2.80134194
H -0.07470792 3.02753684 -1.38385990
O 3.21511793 2.21999439 0.03713757
H 2.89716211 1.29930302 0.13015336
H 3.88990013 2.33224285 0.71153827
O -2.03487001 -0.59191207 -0.16168863
H -2.22867836 -1.54555285 -0.16835635
H -1.35870472 -0.45910060 -0.86335102
O -2.62801347 2.14724061 -0.02721759
H -2.71258097 1.18015423 -0.07848358
H -2.13241628 2.37989519 -0.83220218
O 0.80449396 3.55921089 -0.09142343
H 1.70003988 3.17342331 -0.01515005
H 0.34678208 3.32731512 0.73383764
O 1.89190855 -0.16450734 0.18655739
H 2.17685589 -1.09701025 0.17120855
H 1.19293075 -0.11906881 0.87769691
O 0.03037897 -0.07905753 -1.88425637
H 0.76846568 -0.00987046 -1.24379143
H -0.14991866 0.83871790 -2.16389016
O 0.27677450 -2.91738832 -1.91151069
H -0.53375041 -3.16418268 -1.43365537
H 0.13927075 -1.99365956 -2.17957754
O -1.80681971 -3.37127703 -0.01634135
H -2.38680709 -4.11989350 0.14875866
H -1.19992421 -3.30848850 0.76456148
39
-992.487621132423
O 1.75734525 -3.35871954 -0.08756848
H 2.31755469 -4.10933308 -0.30380536
H 1.11708070 -3.26493780 -0.83757981
O 0.80955084 2.32390153 2.21053574
H 0.85938392 2.66500846 3.10820850
H 0.49498720 1.39721535 2.29132910
O -3.15770068 2.25282693 0.01153669
H -2.34383141 2.80961964 0.04107518
H -3.76689349 2.70437552 -0.57771775
O 2.70990982 2.11560854 0.06256599
H 2.22627751 2.30438775 0.88430882
H 2.77183486 1.14451140 0.05917329
O 1.03617834 2.70096510 -1.93368980
H 1.42480001 3.29378990 -2.58356084
H 1.74214694 2.54196910 -1.25453718
O -0.78545552 3.52137563 0.12517390
H -0.27324977 3.20594555 0.88836059
H -0.21743401 3.33843602 -0.64280763
O -0.24045246 -2.94065756 1.97120298
H 0.49505305 -3.24124404 1.41226834
H -1.01840544 -3.05242761 1.40020921
O -1.90528356 -0.11513574 -0.17592337
H -1.23783868 0.01800360 -0.88447725
H -2.47216619 0.68989542 -0.17191203
O 2.03272542 -0.59106519 0.09339352
H 1.35531421 -0.47999395 0.79531435
H 2.20601757 -1.54958209 0.06911229
O -0.12322671 -2.87412830 -1.93344967
H -0.95607869 -2.92223066 -1.43181649
H -0.06751961 -1.95089499 -2.22725845
O -2.27597631 -2.75882122 -0.07694786
H -2.33954690 -1.77503980 -0.10373560
H -3.17552545 -3.08936925 -0.15423009
O -0.05831524 -0.21320586 1.86226377
H -0.78959284 -0.10833390 1.21456412
H -0.12084181 -1.15943869 2.12418180
O 0.22329055 -0.01422386 -1.90537850
H 0.43578786 0.89008673 -2.19599987
H 0.93635773 -0.22200251 -1.26220608
39
-992.488903144064
O 0.22479782 -2.95177071 1.90479163
H 0.09973738 -2.03247664 2.19149711
H -0.58182024 -3.17149960 1.40669035
O 2.12315624 -2.95641287 0.03548862
H 1.48791985 -3.04612342 0.79283709
H 2.84333009 -3.56911521 0.21012359
O -0.79782566 2.62729097 2.04758528
H -1.54719014 2.50872239 1.40687822
H -1.13943528 3.18738030 2.75056929
O -0.11578972 -0.10461476 1.88126213
H -0.86838129 -0.27059096 1.26998436
H -0.27755399 0.79946737 2.20606472
O -0.82237900 2.63108778 -2.00949138
H -0.16915637 3.03570315 -1.37493149
H -0.89499671 3.24800428 -2.74343408
O 3.21026386 2.21267260 -0.19438274
H 3.93561241 2.32152135 0.42583884
H 2.90116326 1.29088162 -0.08346675
O -2.02935005 -0.59139299 -0.01488762
H -2.23990844 -1.54147091 -0.02580811
H -1.40919223 -0.45892676 -0.76734709
O -2.62050626 2.14711596 0.15438516
H -2.18140480 2.38275243 -0.68210040
H -2.70412839 1.17955114 0.10806448
O 0.79985384 3.56080762 -0.14477142
H 0.39943677 3.32966220 0.70993102
H 1.69671790 3.17121973 -0.13224508
O 1.90149427 -0.17385146 0.03247710
H 1.25689350 -0.11932154 0.77449551
H 2.19563565 -1.10338136 0.02592360
O -0.10364798 -0.06903053 -1.88839501
H -0.30087912 0.84913070 -2.15463976
H 0.68033665 -0.00273336 -1.30463481
O 0.03920063 -2.92526631 -1.91560118
H -0.00875678 -1.99354668 -2.18585562
H 0.87384321 -2.99606358 -1.42144923
O -1.81507293 -3.37987561 -0.04685583
H -2.38812861 -4.12840288 -0.23502659
H -1.18084849 -3.31400672 -0.80628096
39
-992.488478668469
O 1.36567106 3.19649255 -0.14949088
H 1.85673387 2.46332816 -0.56265667
H 0.60843609 3.33112954 -0.74415308
O -2.37147586 -2.77155693 -0.04268842
H -3.15706344 -3.28275073 -0.25563506
H -1.80689329 -2.76251743 -0.85754051
O -0.20026063 -3.04899034 1.79584070
H -1.06802285 -2.99275866 1.36133850
H -0.04910185 -2.17219679 2.18374809
O 0.30069547 2.62403313 2.23990088
H 0.60485050 3.25146619 2.90202368
H 0.77976806 2.86119231 1.40486692
O 1.45675339 -3.33142006 -0.27698592
H 0.87824701 -3.33383131 0.52893937
H 1.90220567 -4.18362637 -0.28713585
O 0.32873698 -0.21749160 2.05154316
H -0.42422277 -0.15033722 1.42553429
H 0.41079585 0.68927834 2.39434503
O -0.61269632 -2.48792384 -2.02793795
H -0.49232016 -1.54722866 -2.23495930
H 0.21150597 -2.77010006 -1.59257644
O -1.07496310 3.07815074 -1.63228539
H -1.56528715 2.98179381 -0.77280685
H -1.55270684 3.73999076 -2.14026455
O 2.39434266 0.89007234 -1.38105652
H 2.55823948 0.21549552 -0.66045080
H 3.16021841 0.86144315 -1.96135194
O -0.26597589 0.40089700 -2.02729980
H -0.60555231 1.30662927 -2.14706322
H 0.69179675 0.52514971 -1.87055283
O 2.57414909 -0.86112708 0.54568252
H 2.35355118 -1.75526881 0.23237515
H 1.83009253 -0.62592670 1.13922290
O -1.73792844 -0.08820323 0.25311211
H -1.23133951 0.01468636 -0.58137583
H -2.18417986 -0.95127444 0.18379482
O -2.15885309 2.60726326 0.75384945
H -1.44803230 2.72545760 1.40749343
H -2.24721927 1.63921877 0.68740116
39
-992.488426752676
O 2.20995545 -2.73206798 0.23360471
H 3.04522385 -3.16387067 0.03116908
H 1.77167023 -2.57655232 -0.64715251
O 1.68421688 2.74245198 1.37754825
H 1.85570596 1.78540674 1.38903709
H 0.80291403 2.83574956 1.77873349
O 0.24077483 -4.01562298 1.72806488
H 0.48551144 -4.04065451 2.65693042
H 1.00915501 -3.62925278 1.26478017
O 1.29531184 3.42040988 -1.18210243
H 1.84451400 4.15637840 -1.46674546
H 1.53245405 3.24625461 -0.23479105
O -1.10225460 2.84125118 1.98779088
H -1.61286646 3.42455613 2.55637795
H -1.33786557 3.08515924 1.05566271
O -1.80288516 -2.22761450 -1.73823237
H -1.90923379 -2.43019902 -0.76760615
H -2.41627175 -2.80676479 -2.19975393
O -1.07478268 0.08395123 1.45652774
H -0.10316607 -0.00785404 1.35140405
H -1.20046421 0.95674380 1.86936236
O -1.50012159 3.29778903 -0.61807652
H -1.76391111 2.45523432 -1.02251491
H -0.60641702 3.46692916 -0.96383458
O 1.00448529 -2.13798222 -2.05286494
H 1.12965559 -1.18679819 -2.20176687
H 0.03615700 -2.25759376 -2.03403139
O -1.95374385 -2.54295088 0.87843248
H -1.23709848 -3.10846913 1.22825432
H -1.78612949 -1.66780762 1.26604983
O 0.99587507 0.68659295 -1.75363609
H 0.01733813 0.69323679 -1.65463298
H 1.24383179 1.62474660 -1.82420928
O -1.67396378 0.52764870 -1.19748646
H -1.56225064 0.34794095 -0.23790763
H -1.94672071 -0.33040500 -1.56856740
O 1.60686950 -0.02819998 0.82571294
H 1.47806590 0.20051788 -0.12230214
H 1.99909598 -0.91844597 0.80586449
39
-992.487208426981
O 0.79542378 3.56495366 -0.07775820
H 0.19693515 3.29988510 -0.79657370
H 0.33257270 3.29987443 0.73460152
O 1.84831888 -0.06156585 -0.18763364
H 2.43259858 0.73083257 -0.18504315
H 1.26112178 0.02954799 0.59403890
O -0.25005762 -0.14776850 -1.97235917
H -0.51272214 0.75528510 -2.22579882
H 0.56666461 -0.03034595 -1.44163376
O -2.66860658 2.08058786 0.17869520
H -2.74404276 1.11139997 0.21498600
H -2.13013945 2.30552208 0.95595999
O -0.62689946 2.47279343 2.17328121
H -0.67548907 2.83422287 3.06291587
H -0.33611508 1.54033622 2.27348950
O -2.08225622 -0.64283876 0.02239408
H -1.50855913 -0.53732563 -0.76820639
H -2.22714579 -1.60268661 0.10467137
O 2.28311292 -2.70079316 -0.19163953
H 2.31865009 -1.71509512 -0.20799698
H 3.19025283 -3.00569350 -0.28298568
O 0.42574621 -2.81927889 2.03013792
H 1.14545008 -2.94289608 1.38977984
H -0.35289330 -3.16921880 1.56633641
O -1.13096274 2.53574718 -1.95880141
H -1.78637755 2.42208678 -1.22257000
H -1.56187148 3.09603607 -2.61095681
O -0.01515700 -3.01400662 -1.83130811
H 0.85678394 -3.01688790 -1.39824419
H -0.11868369 -2.10652075 -2.15968322
O 3.16467601 2.28881359 -0.10576485
H 2.35743266 2.85468724 -0.13618100
H 3.78702177 2.68006816 -0.72372356
O -1.73449028 -3.41560550 0.17770068
H -1.14925840 -3.37282982 -0.62068439
H -2.29934207 -4.18394825 0.05535634
O -0.05538306 -0.13421955 1.80585335
H -0.82884097 -0.28507594 1.21715352
H 0.15835716 -1.04579384 2.10848173
39
-992.488079622589
O 1.59084243 3.31648893 -0.10663019
H 2.03481632 2.46121765 0.01350642
H 1.13924996 3.23669556 -0.96503718
O -0.39949898 3.46541590 1.67363408
H -0.36266968 4.25444099 2.22175420
H 0.38177478 3.51445798 1.06480559
O 2.42916239 -2.22814091 0.62213439
H 3.18778684 -2.81065271 0.72088118
H 2.03791931 -2.43452710 -0.27144875
O 2.05147133 0.52679546 0.20221449
H 2.47486974 -0.32955232 0.39049216
H 1.48138285 0.34508018 -0.57753348
O -1.07209652 -4.01972644 -1.36162948
H -1.50839102 -3.63295571 -0.57774776
H -1.74764241 -4.04950403 -2.04430786
O 0.14775177 -2.12454545 2.28852736
H 0.97864646 -2.24678958 1.79153568
H 0.11271711 -1.17211618 2.47361028
O 0.22415184 0.07746741 -1.80339838
H 0.10852884 0.94200904 -2.23596773
H -0.56716953 -0.01928357 -1.23025658
O 1.25836486 -2.55524285 -1.72219807
H 0.46047671 -3.11738661 -1.66749471
H 0.92501269 -1.68090094 -1.98387662
O -2.03703137 -2.73602472 0.91313268
H -2.65879055 -3.16456726 1.50886259
H -1.21836263 -2.57321940 1.45622764
O 0.00152502 0.69823371 2.00012253
H -0.16468818 1.63754263 2.19128186
H 0.80459809 0.70059157 1.43158521
O -1.79487693 -0.03927407 0.07194211
H -2.13711091 -0.92388464 0.28784769
H -1.21120416 0.18622990 0.83143518
O -2.13112320 2.71757317 -0.47517884
H -1.71979623 3.05348763 0.34013426
H -2.28913492 1.77486500 -0.29636241
O -0.17900907 2.81834992 -2.29153267
H -0.39705850 3.35547848 -3.05858018
H -0.97161331 2.85048613 -1.69489740
39
-992.488651632661
O 2.69120139 -0.86528526 0.37335749
H 3.61614510 -0.84167751 0.63459660
H 2.58353901 -0.17411166 -0.34220682
O 0.28137678 2.43185223 2.13726647
H 0.34412239 1.47919036 2.31435236
H -0.64563988 2.58578070 1.88808193
O -0.24301907 -3.17688486 1.83663791
H 0.37901904 -3.30040391 1.07102092
H -0.11750830 -3.94001393 2.40799229
O 1.52811161 3.31165475 -0.06527260
H 1.15390465 3.01476909 0.80239812
H 2.06928388 4.08317315 0.12423364
O -2.20883818 2.76801015 0.79291412
H -1.82492642 2.97294677 -0.09855915
H -2.98462155 3.32614007 0.89470591
O -0.66971764 -2.55801066 -2.22382285
H -0.96662857 -3.14470444 -2.92560266
H -1.34356461 -2.63985162 -1.49972208
O -1.71255223 0.07085101 0.41580369
H -2.08771945 0.94057558 0.64343211
H -0.94466100 -0.05800052 1.01374026
O -0.90834246 3.09932123 -1.51417830
H -0.01373225 3.29046244 -1.18219140
H -0.82262024 2.25319009 -1.98183981
O 1.33088494 -3.23025679 -0.30393388
H 0.78042098 -3.03698153 -1.08323879
H 1.90989440 -2.45484303 -0.19362201
O -2.29316268 -2.59933639 -0.09361400
H -2.35054996 -1.64971009 0.11591898
H -1.76973172 -2.95196713 0.64567185
O 2.17491711 0.94147201 -1.44288845
H 2.08060446 1.81083623 -1.01579322
H 1.26616666 0.71135982 -1.72881600
O -0.46056042 0.29242794 -2.01881679
H -0.52683026 -0.60127015 -2.39567217
H -0.92577731 0.20378188 -1.15832496
O 0.47335204 -0.44583518 2.00292410
H 1.29511753 -0.53756121 1.47930058
H 0.23626302 -1.36431465 2.22697448
39
-992.488433624292
O -0.07447749 3.46719371 -1.67030166
H -0.66950879 3.49765017 -0.87720683
H -0.26076847 4.26274558 -2.17699014
O -2.50953872 -2.21247533 0.05319745
H -1.89469916 -2.42726855 0.80850600
H -3.27632035 -2.78208045 0.16336997
O -2.03225256 0.54223319 0.15944877
H -1.53061534 0.58727274 -0.68378539
H -2.47399913 -0.32578756 0.13817093
O -0.75978016 -2.58932988 1.99769560
H -0.36215768 -1.71906355 2.16770839
H -0.01275090 -3.15583307 1.72212686
O 0.77230664 2.78574776 2.20408761
H 1.18111871 3.31076446 2.89814962
H 1.38257325 2.83199320 1.42332082
O 1.36982221 -4.06306977 0.99530378
H 1.58535858 -3.65107419 0.13649469
H 2.20531885 -4.13838812 1.46379316
O -0.35266353 0.69405805 -2.01176202
H 0.47424378 0.47748797 -1.52794771
H -0.29178696 1.64956219 -2.18682451
O 2.18221891 2.74634707 -0.06797743
H 2.29791023 1.80775467 -0.29332543
H 1.55882780 3.08251597 -0.73488053
O 1.78473813 -0.02611554 -0.43033871
H 1.98442604 -0.93217499 -0.72461993
H 1.28353868 -0.11544889 0.40973862
O -0.78019957 -2.10458964 -2.17693015
H -1.44669797 -2.22701125 -1.47501083
H -0.79814834 -1.15429711 -2.37421548
O 1.69088354 -2.68004945 -1.39913237
H 2.15358542 -3.06416067 -2.14974921
H 0.75902283 -2.52345986 -1.71400209
O -1.51802949 3.29086147 0.57541442
H -0.85124629 3.21464947 1.27975871
H -1.95711952 2.42440575 0.56077207
O 0.14221505 0.07902052 1.77461914
H -0.68206831 0.27581679 1.27586401
H 0.38046821 0.92605304 2.19121420
39
-992.489087059425
O 2.12307938 -0.56207618 0.09236851
H 1.47291053 -0.43384360 0.81826412
H 2.29501975 -1.51983248 0.07688937
O 1.81009606 -3.34396469 -0.03437052
H 2.35750153 -4.11538841 -0.20568682
H 1.15958414 -3.29042321 -0.78163331
O -3.27982190 2.10115239 -0.23644169
H -3.95395521 2.46959967 0.33988222
H -2.49320073 2.68865135 -0.13980836
O -0.21983903 -2.89197501 1.91871228
H 0.56978516 -3.14335377 1.40889847
H -0.05997934 -1.97060970 2.18273294
O -0.97424644 3.48337965 -0.03759566
H -0.42095354 3.27749818 0.73445747
H -0.40570711 3.28544482 -0.80139548
O 0.79057949 2.57301904 -2.09780721
H 0.87027930 2.90881923 -2.99522046
H 0.55660769 1.61652251 -2.17927410
O 2.64171764 2.20277085 0.05027504
H 2.17780595 2.43742800 -0.77167596
H 2.75040377 1.23820075 -0.00515419
O -0.08669644 -2.94554803 -1.87585135
H -0.91379233 -3.00099168 -1.36685753
H -0.01950993 -2.00795226 -2.12682057
O 0.09982890 -0.07376810 1.88040988
H -0.65618201 0.00700554 1.25993529
H 0.29493109 0.83689967 2.16719516
O -2.16636061 -2.87839960 0.08830462
H -1.51528647 -2.95455703 0.83342142
H -2.87564293 -3.49637977 0.28611775
O 0.24284643 -0.06000410 -1.87621836
H 0.96652583 -0.24876255 -1.23911046
H -0.55667425 -0.03579954 -1.30607675
O -1.82820153 -0.13812820 -0.06893320
H -2.51829429 0.56275397 -0.09989206
H -2.25618503 -1.01193280 -0.04728352
O 0.86872494 2.62079398 2.00243112
H 1.60295322 2.52429279 1.34148643
H 1.20923832 3.19421463 2.69520531
39
-992.488945524258
O 0.97392239 -3.48348121 0.03699008
H 0.45860337 -3.29119463 -0.76485685
H 0.36562908 -3.28271662 0.76792738
O 1.84103932 0.13823330 0.08491333
H 2.26521724 1.01405916 0.09477519
H 2.53300971 -0.56114987 0.09825806
O -0.22937763 0.06446287 1.86784391
H 0.57582936 -0.01684405 1.31251549
H -0.44276709 -0.84439834 2.14685403
O -2.63896686 -2.19576118 -0.11639392
H -2.11858665 -2.42594999 -0.90540158
H -2.74144736 -1.23069308 -0.17396896
O -0.65419768 -2.57282167 -2.13483475
H -0.39632946 -1.62148011 -2.20381855
H -0.68882718 -2.90821468 -3.03516950
O -2.09491372 0.56579498 -0.07824572
H -2.28937077 1.51925709 -0.08300883
H -1.50171705 0.43748286 0.69587908
O 2.15210909 2.88557138 0.05195852
H 1.53527512 2.98175254 -0.72013053
H 2.86087126 3.51956896 -0.08973871
O 0.29673341 2.93554347 -1.86602911
H -0.51898855 3.17979021 -1.39495215
H 0.15960711 2.00774952 -2.12456807
O -1.00566078 -2.62847951 1.94996276
H -1.39410614 -3.20232396 2.61651917
H -1.69458811 -2.52355552 1.24303927
O -0.02029610 2.90323375 1.90912153
H -0.09634489 1.97126043 2.17262924
H 0.83122590 2.95711395 1.44135380
O 3.29277392 -2.10558061 0.00505623
H 3.92450608 -2.48335161 0.62194576
H 2.49843845 -2.68923604 0.04302770
O -1.82917562 3.36101298 -0.00331883
H -2.39937027 4.11433754 0.17443557
H -1.21280670 3.28873664 0.77019211
O -0.08114793 0.05430778 -1.89374160
H 0.67219515 0.03162368 -1.26438779
H -0.85081537 0.24567895 -1.31319866
39
-992.488042671994
O 1.44995727 2.78622802 1.55419265
H 1.64205639 1.83439401 1.59499197
H 0.52714302 2.85892293 1.85452626
O -1.38347679 0.52111410 -1.49913416
H -0.41097652 0.57020895 -1.62995397
H -1.63723599 -0.34899965 -1.85580994
O 1.44394233 -0.01615853 1.13230507
H 1.80105019 -0.92141094 1.12127290
H 0.47456344 -0.10545143 1.26390175
O 1.36272012 3.45960252 -1.03038241
H 1.48021337 3.29744480 -0.05861015
H 1.92260507 4.21066960 -1.24679501
O 2.15412719 -2.67698305 0.49068014
H 1.82622585 -2.52619343 -0.43749920
H 3.03015746 -3.06201974 0.39328558
O -1.38593819 2.84022622 1.85017701
H -1.50952649 3.08038719 0.89551351
H -1.96980186 3.41759206 2.35027863
O 0.07668189 -4.04689348 1.73810975
H 0.22521563 -4.10541291 2.68562114
H 0.88371584 -3.63817327 1.36990773
O -1.47912678 3.26363134 -0.78615794
H -1.66858651 2.40777688 -1.20502320
H -0.55720547 3.45413814 -1.03265831
O -1.58348181 -2.23862566 -1.91749900
H -2.14164572 -2.81729826 -2.44477560
H -1.79557595 -2.44225788 -0.96470470
O -2.02501259 -2.58342835 0.66598088
H -1.91527850 -1.70905612 1.07555053
H -1.34735937 -3.14526181 1.09040485
O -1.29859860 0.09379954 1.21398766
H -1.41715260 0.27532169 0.25444562
H -1.50246267 0.94378549 1.64229134
O 1.23744259 -2.11835778 -1.93765792
H 0.27406636 -2.24505532 -2.02590557
H 1.37789137 -1.16895986 -2.08278511
O 1.35250225 0.68704710 -1.52869210
H 1.48633307 0.47751207 -0.57797654
H 1.54765445 1.63784804 -1.59678925
39
-992.488589086663
O -2.79900361 -2.20073311 -0.24982179
H -2.11307277 -2.37651666 -0.94481306
H -3.58311175 -2.69274204 -0.50869017
O 3.24356197 -2.30012857 -0.00148975
H 2.48232872 -2.89789940 0.13613462
H 3.89332375 -2.54812450 0.66162380
O 0.40288398 3.02289366 -2.04170814
H 1.08373865 3.03410939 -1.31833398
H 0.70381177 3.65386073 -2.70178494
O -0.04096124 3.05240639 2.02311309
H -0.21574758 3.72121598 2.69134782
H -0.69999791 3.20992147 1.29804889
O -0.89489469 -2.49049060 1.85547603
H -0.67459982 -1.57510444 2.10034969
H -1.68739692 -2.41645552 1.29668899
O 2.04271535 2.84885892 0.05579875
H 2.20864355 1.88903169 0.11022431
H 1.49178003 3.03539796 0.83458689
O -1.67473017 3.24869677 -0.08763205
H -1.09051660 3.30165157 -0.86402554
H -2.07376871 2.36426005 -0.15257856
O -2.05497418 0.47668933 -0.05656499
H -1.45467544 0.35893722 0.71241280
H -2.57117008 -0.34720179 -0.10519381
O 1.87435282 0.07211838 0.06830104
H 1.30145448 0.02151630 -0.72584995
H 2.45962648 -0.71327736 0.04379976
O -0.03605932 0.22792721 -1.91585740
H -0.81530006 0.33959830 -1.32847514
H 0.12717802 1.12373776 -2.25964061
O -0.73484211 -2.52807979 -1.91273514
H -0.37941434 -1.65901519 -2.16285496
H -0.05865770 -2.93338442 -1.34377381
O 0.84856133 -3.65125298 0.21215380
H 0.77932088 -4.60158023 0.34424321
H 0.24337876 -3.24336475 0.88765906
O -0.13808345 0.23183068 1.89874690
H -0.09610457 1.14792380 2.22590631
H 0.65660230 0.13842951 1.32567711
39
-992.488484639553
O -2.79832144 2.19992944 0.30342845
H -3.58124563 2.69103681 0.56713261
H -2.10165624 2.39217925 0.98248693
O 3.24420185 2.29034279 -0.23647931
H 3.80575420 2.58879835 0.48395531
H 2.47052066 2.88800087 -0.23533896
O 0.47888087 -2.97088041 2.04588240
H 0.79979497 -3.59455360 2.70365016
H 1.12831457 -3.00460341 1.29412633
O -0.12277605 -3.10062040 -1.99995738
H -0.75432309 -3.24023354 -1.24774902
H -0.32317599 -3.78325040 -2.64688472
O -0.93316489 2.45905326 -1.83948562
H -1.71563836 2.38899309 -1.26674034
H -0.72807312 1.54486258 -2.10067057
O 2.03312054 -2.86356777 -0.11616198
H 1.45545718 -3.06656817 -0.87120829
H 2.20678997 -1.90754834 -0.20481256
O -1.67525337 -3.24469877 0.17867409
H -1.05925627 -3.27928314 0.93105609
H -2.06775961 -2.35674569 0.23724973
O -2.04033787 -0.47279447 0.10770886
H -2.55780448 0.35006762 0.16098250
H -1.47136739 -0.37165170 -0.68737823
O 1.88833564 -0.08805414 -0.18611091
H 2.47220165 0.69862736 -0.19391092
H 1.33543879 -0.01429821 0.61998715
O 0.04733632 -0.17932024 1.87373460
H 0.22138451 -1.06832935 2.23054975
H -0.75358007 -0.30382329 1.31800414
O -0.69464253 2.56553165 1.91480488
H -0.05064975 2.97905811 1.31488982
H -0.32305026 1.69479581 2.13507757
O 0.83495444 3.65725641 -0.25396614
H 0.80561311 4.59683776 -0.45854952
H 0.22348206 3.22812521 -0.91102211
O -0.20633188 -0.27573518 -1.92603632
H 0.61836631 -0.17502154 -1.39935712
H -0.18097446 -1.19554098 -2.24360655
39
-992.486590937815
O -0.37186857 2.91226234 1.88917428
H -0.22329486 1.99517714 2.17440231
H 0.44301102 3.16271223 1.42129640
O -1.90963738 0.12914079 -0.21946741
H -2.23430640 1.04805127 -0.22601576
H -1.19306912 0.10417154 -0.89854191
O 1.74845642 3.35259166 0.01963407
H 2.31810258 4.10964850 -0.14323810
H 1.14739597 3.27969686 -0.76680150
O 2.93524757 -1.94239032 0.08816634
H 2.83876821 -0.96788655 0.13482898
H 3.87696443 -2.12152667 0.16037284
O 2.02546732 0.59843086 0.25344198
H 1.31772309 0.47449071 0.92967317
H 2.19708170 1.55690420 0.22760605
O -3.16472647 -2.27222397 -0.08042624
H -2.83508806 -1.34853091 -0.13454245
H -3.75798853 -2.28591642 0.67569739
O -2.19408666 2.89588555 -0.06242499
H -2.92517084 3.50148217 0.08894673
H -1.59579951 2.97397146 0.72548312
O -0.03339262 2.93523034 -1.92709843
H -0.88441289 3.00018504 -1.46091027
H 0.01897660 2.00848172 -2.21504256
O -0.07794088 0.08355240 1.89277468
H -0.79320156 0.03002178 1.22687294
H 0.15853345 -0.85436252 2.07255669
O 0.76260630 -2.53001419 1.91477633
H 0.17319226 -3.04679034 1.33920450
H 1.58643164 -2.46532688 1.40511809
O -0.91000681 -3.75118035 -0.06376735
H -1.11577274 -4.68526682 -0.16281159
H -1.77972580 -3.28506559 -0.05960342
O 0.92413532 -2.54406550 -1.91934924
H 1.70865441 -2.48444476 -1.35113319
H 0.27488361 -3.01858425 -1.37240330
O 0.25403656 0.11284969 -1.85225096
H 0.93664553 0.30504141 -1.17734585
H 0.43497511 -0.82705610 -2.07921398
39
-992.486532864235
O -0.88367551 -2.46011211 1.83960153
H -0.58125300 -1.58905820 2.14271977
H -0.13789571 -2.83947664 1.34105680
O 0.10152467 3.16258610 1.97077028
H -0.59923795 3.28505871 1.28068330
H -0.01601215 3.88395744 2.59575163
O 0.00864548 0.06617312 -1.83033183
H 0.72916280 0.00160513 -1.16572532
H -0.21941823 -0.86799460 -2.04480490
O -2.83434064 -2.18778655 0.03912132
H -2.19127053 -2.33917002 0.77895516
H -3.62333076 -2.69054951 0.26002480
O 1.85578815 0.13981377 0.21044412
H 1.17920627 0.15130279 0.92239938
H 2.11200888 1.08866681 0.12335265
O 0.16073531 2.74094733 -2.22467303
H 0.20149152 3.08635829 -3.12106342
H 0.08284755 1.76684648 -2.31415741
O 3.25925036 -2.15849418 0.16864512
H 2.88484468 -1.24881509 0.18696554
H 3.93131411 -2.14735992 -0.51811032
O 2.10821646 2.82469504 -0.06305289
H 1.55433061 2.96892375 -0.84731902
H 1.54764359 3.10453992 0.68102970
O -0.75182349 -2.54745096 -1.93677226
H -0.12090495 -3.01802091 -1.36552962
H -1.57087345 -2.54321871 -1.41405560
O -0.27067872 0.32778236 1.95843629
H -0.98805323 0.43021596 1.29469100
H -0.14156704 1.22905773 2.29965182
O -2.09989796 0.49717917 -0.09672313
H -2.61525063 -0.32941175 -0.07579880
H -1.41970897 0.34108591 -0.78775045
O -1.64962420 3.25621667 -0.05409103
H -1.13259706 3.23941439 -0.87716085
H -2.09439782 2.39114877 -0.05313504
O 1.01280507 -3.61701440 0.06724031
H 1.89125619 -3.16421446 0.06720093
H 1.20228432 -4.54730691 0.22134829
39
-992.486640744734
O -0.07632079 -2.83931025 2.00838437
H 0.68875816 -3.09468322 1.46823762
H -0.83613686 -3.04753944 1.43946259
O -3.22303673 2.18689291 0.17766116
H -2.95786193 1.25974734 0.01422846
H -3.99005267 2.34228077 -0.37934857
O 0.73686679 2.61193669 -2.06931797
H 0.78157857 3.27788797 -2.76144230
H 0.11610498 2.97441430 -1.38103005
O 0.80175822 2.44848307 2.11392050
H 0.82856918 2.83308845 2.99481733
H 0.48152826 1.52909563 2.23296251
O 2.73665793 2.14673884 -0.03975104
H 2.19799311 2.42689435 -0.80001878
H 2.22905223 2.44305780 0.73287156
O -0.77033558 3.44008038 -0.06409145
H -1.67662195 3.08206706 0.01921086
H -0.32275273 3.20793971 0.76638180
O -2.06509008 -3.01737928 -0.07918437
H -1.39509690 -3.09434587 -0.80665329
H -2.74677367 -3.66750956 -0.27180262
O 0.11371486 -0.11896009 -1.92313244
H 0.26857259 0.79122834 -2.23704429
H 0.82949321 -0.25037850 -1.26351645
O -0.11021967 -0.10173530 1.89024437
H -0.84796754 -0.05794880 1.24568552
H -0.10165094 -1.04885092 2.15530322
O 2.03317523 -3.10194175 0.00325141
H 2.86837838 -3.57817989 0.00137381
H 2.26046318 -2.14550868 0.02742341
O -0.10168332 -2.97278547 -1.88273110
H 0.71419474 -3.11885209 -1.37229346
H -0.02504060 -2.06141557 -2.20888762
O -1.98760214 -0.22113860 -0.16066064
H -1.31712818 -0.15807533 -0.87809302
H -2.23525055 -1.16409645 -0.13277633
O 1.96982109 -0.43613754 0.09402511
H 2.42622972 0.43771118 0.04532283
H 1.29951362 -0.31598929 0.80072925
39
-992.488915431118
O 0.61664060 3.13114954 -1.62374436
H 0.50129216 2.26894585 -2.05723057
H -0.23047730 3.29092836 -1.17180168
O -2.60681579 -1.11529705 0.80033341
H -2.23411365 -1.94898978 0.40365141
H -3.43011902 -1.36748815 1.22809212
O 0.28102320 -2.43116987 -2.31947544
H 0.20596978 -1.44506989 -2.39121299
H 0.25880014 -2.76482799 -3.22103109
O 0.16745283 0.24830429 -2.13000678
H 0.72733092 0.23823589 -1.32558162
H -0.74315026 0.44261746 -1.79863878
O -0.01941512 2.44469084 2.16080018
H -0.03652349 1.48927045 2.33233359
H 0.85679871 2.61992911 1.77742874
O -0.18736969 -0.43439393 2.03512600
H 0.13699161 -1.33238715 2.23016593
H -1.08221055 -0.58566424 1.67207505
O 2.23888126 2.82943620 0.46609870
H 3.01117103 3.40161182 0.45452020
H 1.72169600 3.03088151 -0.35747802
O -1.60229501 3.25647574 0.15316374
H -2.15753519 3.99473965 0.41897805
H -1.09482880 2.98711657 0.95946305
O -2.28682615 0.86477230 -1.16997834
H -2.54295471 0.21462588 -0.49304431
H -2.21586085 1.70989502 -0.69404506
O 2.29348076 -2.55425825 -0.27518500
H 2.36417740 -1.58746848 -0.17241579
H 1.75108325 -2.65391908 -1.07621798
O 1.74886644 0.12674895 0.14684080
H 2.13121788 1.00723558 0.31549164
H 1.06564739 -0.00564136 0.83760494
O 0.72627664 -3.10376420 1.79757355
H 1.08676094 -3.77866853 2.37997579
H 1.39778193 -2.97578711 1.07543836
O -1.35796475 -3.23381839 -0.15455412
H -0.85965827 -3.03398473 -0.96841868
H -0.67635832 -3.38292047 0.52309809
39
-992.487293572326
O 1.26492783 3.09673796 0.30620691
H 1.88798397 2.39091664 0.05225360
H 0.72543176 3.22513313 -0.49101640
O -0.51337934 2.94703821 -1.94893257
H -0.25274106 2.03686802 -2.20170908
H -0.53762209 3.45020129 -2.76796771
O -2.38677898 -2.46783844 -0.66090490
H -2.32588182 -1.49269343 -0.53231608
H -3.30660117 -2.65873581 -0.86471451
O -0.21836199 -0.33224268 2.08699013
H -0.24910908 0.54543398 2.50260064
H -0.73485466 -0.19410920 1.26331361
O 1.45013042 -3.40537036 0.04620117
H 1.85541827 -4.27277288 0.13577317
H 0.66029442 -3.40938423 0.64651661
O -0.39849854 2.52892117 2.32630847
H 0.28922881 2.76718583 1.65480071
H -0.28569001 3.15667190 3.04598763
O -1.64183390 0.04818441 -0.23290512
H -0.91440707 0.22200881 -0.86750736
H -2.05893787 0.92960647 -0.07570894
O 2.72864565 0.88300048 -0.59202594
H 3.64718660 0.90905097 -0.87404549
H 2.66681246 0.16702226 0.10489566
O -0.72941832 -3.12070321 1.55826542
H -1.44100854 -2.98201761 0.90912488
H -0.65369224 -2.27454519 2.02775817
O 0.41864309 0.38443426 -2.04957342
H 0.34388551 -0.57666750 -2.25625909
H 1.29868812 0.49610788 -1.63843779
O -2.39240481 2.58790894 0.25308434
H -1.87571713 2.95810179 -0.47950973
H -1.83752037 2.72455805 1.04091935
O 0.06495667 -2.31264865 -2.21122679
H -0.82671624 -2.50327595 -1.87806552
H 0.64312397 -2.74956623 -1.56144278
O 2.33912460 -0.97524434 1.19779215
H 2.19494263 -1.85335229 0.80301764
H 1.47288422 -0.74557715 1.59364492
39
-992.488154039899
O 1.69160675 -3.23339469 0.12320997
H 2.07805785 -2.34599680 0.21709448
H 1.07961758 -3.30563085 0.87630980
O -3.27435546 2.27328624 -0.17884022
H -2.50800759 2.88052158 -0.17899314
H -3.79552197 2.51196286 -0.95022642
O -0.88132440 3.66179833 -0.04088821
H -0.88090808 4.61013274 0.12147401
H -0.40524946 3.26379752 0.73669862
O 0.13731835 -3.02253960 -2.04547678
H 0.34268453 -3.68090480 -2.71536732
H 0.76980369 -3.18424361 -1.29812725
O 1.07837279 2.50282734 -1.79667261
H 0.76650619 1.61711751 -2.05002709
H 0.31660593 2.93190878 -1.37093381
O 0.20740567 -0.20242216 -1.87249085
H -0.60975671 -0.12629305 -1.32903143
H 0.18482019 -1.11256351 -2.21746612
O 0.52484780 2.52403689 1.90711865
H 0.26320383 1.62483528 2.16667365
H 1.41257751 2.42735150 1.52177813
O -0.45846572 -3.06216921 2.00233646
H -1.11127811 -3.06643829 1.25347696
H -0.77824990 -3.70798774 2.63877727
O 2.04368765 -0.45561105 0.15633172
H 1.47334963 -0.33408681 -0.63537834
H 2.57231073 0.35992708 0.20864559
O -0.04468559 -0.26246195 1.92811692
H 0.75864736 -0.36128368 1.37114100
H -0.21161576 -1.16201230 2.25973085
O 2.81003602 2.22759182 0.21601691
H 2.26129759 2.40048665 -0.59218372
H 3.62380342 2.72717877 0.10557945
O -1.87932230 -0.08868922 -0.12606074
H -2.46717378 0.69516044 -0.12843479
H -1.33998265 -0.03912736 0.69116463
O -2.01928003 -2.86704751 -0.15289819
H -2.19366808 -1.90844617 -0.20070670
H -1.43844806 -3.03701652 -0.91354050
39
-992.488166823724
O 0.20319059 3.07645523 2.01811967
H 0.42962030 3.74718071 2.66866618
H 0.81169506 3.22342516 1.24861491
O 1.69295786 3.23962983 -0.20270738
H 1.05849782 3.29644137 -0.93815020
H 2.07021668 2.34717877 -0.28677882
O 2.79202719 -2.22114694 -0.26327571
H 3.61275769 -2.70868535 -0.15024792
H 2.25405798 -2.38219752 0.55493504
O -1.87837348 0.10800134 0.22278053
H -1.36466856 0.02636903 -0.60764625
H -2.46175155 -0.67628121 0.27421991
O -0.86273018 -3.69231598 0.04838790
H -0.40473583 -3.30011502 -0.74227259
H -0.80367899 -4.64563054 -0.06516109
O -2.00640375 2.88314940 0.19401290
H -2.18087152 1.92622664 0.26992039
H -1.40521804 3.06969370 0.93479420
O -0.10493704 0.22450562 -1.89442786
H 0.71049173 0.32964711 -1.35565741
H -0.27749793 1.12081243 -2.23246503
O 0.26222533 0.24769965 1.90617970
H -0.57405330 0.16232165 1.39482950
H 0.25067644 1.16339230 2.23597878
O 0.49493464 -2.55158542 -1.93436017
H 1.38601719 -2.45267495 -1.55726877
H 0.21806928 -1.64799390 -2.16265754
O 1.09827454 -2.47362055 1.77967717
H 0.32326898 -2.90202592 1.37860536
H 0.79525640 -1.59259122 2.05759978
O -0.51541937 3.02228626 -2.01147177
H -1.14207168 3.04623391 -1.24045146
H -0.85542441 3.65417622 -2.65137662
O 2.02736304 0.46175059 -0.18626386
H 1.48614583 0.35576576 0.62821036
H 2.55067423 -0.35662974 -0.24822251
O -3.19108237 -2.27238358 0.44295481
H -3.97184828 -2.63519326 0.01790743
H -2.47021157 -2.91550486 0.29740805
39
-992.487359282705
O 2.31716788 2.61156738 -0.10087190
H 1.81901083 2.92237978 0.67132143
H 2.37972526 1.65344393 0.07032464
O 0.67505229 2.61109402 -2.21967951
H 0.95053394 3.21849396 -2.91260027
H 1.36256185 2.68176651 -1.50915910
O 1.71984404 -0.03756463 0.37907148
H 2.07892685 -0.91512097 0.61108365
H 0.93523773 0.08423190 0.95248735
O -1.32821093 3.19906174 -0.29065862
H -0.74120889 3.28598382 0.47878966
H -0.72997965 3.06209467 -1.04795352
O 0.35361216 2.88837539 2.01774110
H 0.09458095 1.96315271 2.21095082
H 0.33646837 3.34680046 2.86274273
O -0.29239766 -2.39269335 2.14549569
H -0.83598624 -2.77239005 1.43147385
H 0.61285183 -2.62530291 1.88302869
O -2.16108609 -0.99259417 -1.40001960
H -1.28159087 -0.68886421 -1.70486155
H -2.47417887 -0.27972925 -0.81632663
O 2.23356061 -2.71907957 0.77436746
H 3.02448842 -3.25741546 0.86590152
H 1.84099064 -2.94120894 -0.10931545
O 0.44266240 -0.26599114 -2.04762543
H 0.50489041 0.62687160 -2.42436143
H 0.92218467 -0.18050807 -1.19555351
O -1.59172865 -3.26890563 -0.22258874
H -1.92332238 -2.43391024 -0.65555074
H -2.27282117 -3.93310367 -0.36137152
O -0.54062516 0.30474264 1.97108547
H -1.38020306 0.45277730 1.49583984
H -0.51555474 -0.66086511 2.17405905
O -2.74005324 1.07720038 0.41607999
H -3.61666334 1.33796536 0.71233370
H -2.29965253 1.90686396 0.09095534
O 0.91750656 -3.09563641 -1.51226748
H 0.02073112 -3.28881978 -1.18191577
H 0.82471964 -2.25776760 -1.99184620
39
-992.488108792510
O -0.76440124 2.47578875 -1.90759852
H -0.54131901 1.56321529 -2.15872809
H -1.59457962 2.40456545 -1.40650457
O -0.85342345 2.55670405 1.85264365
H -0.50375934 1.68471075 2.10160743
H -0.15845433 2.97232458 1.31403788
O 0.19748635 -3.08484122 -2.01125041
H 0.43678455 -3.73383668 -2.67918412
H 0.94032333 -3.08386702 -1.35077438
O -0.04548313 -0.26168188 -1.94113967
H 0.02721102 -1.17621259 -2.26661002
H 0.72770734 -0.15856840 -1.34097857
O 3.25722081 2.28564175 0.07038711
H 2.48671941 2.88323175 0.00059013
H 3.74430918 2.57759559 0.84558829
O -1.67984783 -3.23814039 0.14379340
H -1.17435597 -3.32747898 -0.68298520
H -2.07652684 -2.35276186 0.07626556
O -2.81184670 2.20627495 0.06301578
H -2.17594730 2.39228818 0.80080214
H -3.61311575 2.69887818 0.26087292
O -0.11096169 -0.19213826 1.86363205
H -0.86014318 -0.30348546 1.23655943
H 0.00541533 -1.08201579 2.24023937
O -2.03934612 -0.46600242 -0.07416764
H -1.40739912 -0.36594820 -0.82091635
H -2.56261509 0.35466762 -0.06804193
O 1.89272084 -0.08768192 -0.02925639
H 2.48042972 0.69411598 0.02507470
H 1.27752891 -0.02396332 0.73164561
O 0.86187183 3.65897440 -0.16583388
H 0.30966647 3.23510298 -0.87643887
H 0.85325248 4.59970894 -0.36733063
O 2.02066307 -2.86888972 -0.08133303
H 1.54976069 -3.03567246 0.75280797
H 2.20610440 -1.91147775 -0.05430208
O 0.14470365 -3.01157800 2.08738205
H -0.57939165 -3.17886278 1.42969257
H 0.02602738 -3.66456501 2.78310162
39
-992.488193006915
O -0.72885245 2.50596177 -1.91895356
H -1.56689900 2.42977258 -1.43128429
H -0.49051915 1.59194350 -2.15142712
O -0.89446341 2.51574373 1.84849354
H -0.17148277 2.92457201 1.34311867
H -0.56136178 1.64549135 2.12390643
O 0.28483087 -3.03625282 -2.02040470
H 0.99976605 -3.04327402 -1.32951027
H 0.55470103 -3.67277746 -2.68865262
O 0.02182977 -0.21874507 -1.91027917
H 0.76251118 -0.12197361 -1.26889899
H 0.11281170 -1.12878206 -2.24400707
O 3.23202013 2.30271991 0.30908245
H 2.48718753 2.90046547 0.10032807
H 3.94517344 2.55772453 -0.28231871
O -1.68137321 -3.24822936 0.05255965
H -2.08027437 -2.36360686 -0.01073252
H -1.14213743 -3.31568413 -0.75456583
O -2.80764131 2.20473412 0.00999213
H -2.18377161 2.37280869 0.76287575
H -3.60963298 2.69768529 0.20422438
O -0.19382762 -0.24107821 1.89686958
H -0.08609402 -1.13690288 2.26108215
H -0.91879062 -0.34264418 1.24127846
O -2.04761344 -0.47248638 -0.12662634
H -2.56921361 0.34927120 -0.12385447
H -1.38646724 -0.35460033 -0.84434415
O 1.87149657 -0.06602264 0.08462882
H 1.23592012 -0.02840031 0.83062614
H 2.45542853 0.71550492 0.17356019
O 0.86717627 3.65449143 -0.12346950
H 0.80813027 4.60563592 -0.25450781
H 0.32296579 3.25097445 -0.85133861
O 2.02691481 -2.84569521 -0.01654703
H 2.20092801 -1.88756027 0.04189565
H 1.52636803 -3.03879461 0.79455359
O 0.07078913 -3.06569331 2.06842384
H -0.06881016 -3.73410868 2.74530668
H -0.62958547 -3.21974044 1.38300834
39
-992.486144301952
O 2.19107990 -2.91680044 -0.10736396
H 1.53362135 -3.01043116 -0.84558902
H 2.90917536 -3.52459164 -0.30551567
O -0.86882058 2.55024210 1.85845777
H -0.24722270 3.06400818 1.31501142
H -1.66178815 2.48264047 1.30238724
O -2.93034665 1.95348364 -0.09051220
H -3.87465386 2.13307883 -0.07724118
H -2.83744383 0.97893520 -0.03787078
O -1.76122606 -3.36100473 0.08671499
H -1.09612284 -3.30039476 0.82062992
H -2.31169535 -4.12447066 0.28283825
O -0.80457999 2.54329022 -1.98070205
H -0.18562363 3.01603300 -1.39824614
H -1.62079031 2.48859269 -1.45853683
O -2.03186696 -0.58938034 0.12570409
H -1.37013864 -0.46067097 0.84709227
H -2.22125002 -1.54468666 0.11988057
O 0.92297867 3.75180806 -0.02590925
H 1.78687600 3.28023470 0.04477603
H 1.14194194 4.68325367 -0.12154172
O 1.91885730 -0.14016234 -0.09036765
H 2.25025209 -1.05666979 -0.10649379
H 1.24600656 -0.10449454 -0.81300432
O 0.24270070 -2.93272685 -1.92320609
H 0.10776377 -2.01293976 -2.20684351
H -0.55291046 -3.15489045 -1.40991390
O 3.16323466 2.26021838 0.14876380
H 2.83734527 1.33792335 0.05973559
H 3.67697914 2.26936780 0.96113632
O -0.13793015 -0.11300930 -1.85622710
H -0.85931889 -0.30422781 -1.22200169
H -0.31013822 0.82389826 -2.10132982
O -0.03742534 -0.06763371 1.89411297
H -0.27828041 0.87180212 2.05836557
H 0.71901064 -0.02002202 1.27469887
O 0.15193175 -2.91925221 1.89369408
H 0.97413485 -2.97250325 1.37654154
H 0.09558531 -1.99125458 2.17574704
39
-992.486299949982
O 3.31826919 -2.03089556 -0.06839619
H 2.91126526 -1.13617949 -0.02084448
H 3.91716369 -1.99888667 -0.81932475
O 2.05680580 2.92163344 -0.00665191
H 1.47081873 3.12494515 -0.75568466
H 1.51446470 3.10078201 0.77828057
O -2.14447280 0.41320730 -0.12741805
H -1.50099155 0.29228203 -0.85908300
H -2.62729651 -0.43144940 -0.07565059
O -0.67026848 -2.50940672 1.99187849
H -0.01510089 -2.92691898 1.40690702
H -1.49453459 -2.55792832 1.48041069
O -0.07976659 0.21183953 -1.95141290
H 0.67077502 0.18008475 -1.31765509
H -0.05128913 1.12293512 -2.29162413
O -1.71711919 3.16929097 0.01611016
H -1.19061825 3.18902059 0.83289276
H -2.13837451 2.29256146 0.02776745
O 1.11725499 -3.56261604 -0.01970607
H 1.97899222 -3.08031190 -0.06196248
H 1.34514650 -4.49579115 0.02769091
O 0.00724901 3.05517503 -2.02831823
H -0.68852065 3.17771330 -1.33288861
H -0.14512974 3.74687139 -2.67874913
O -2.78770779 -2.30220773 0.00602196
H -2.14213573 -2.46886384 -0.72790447
H -3.56551088 -2.83023577 -0.19519158
O 1.84007623 0.22098948 0.02827790
H 1.17893430 0.15579934 0.75268135
H 2.08445327 1.17675828 0.02107730
O -0.23305358 0.17640831 1.83950230
H -0.32672350 -0.76853525 2.10064702
H -0.96689627 0.29238515 1.19588791
O 0.15105343 2.83143982 2.18673531
H 0.05648340 1.86322436 2.31415455
H 0.13676534 3.21663962 3.06764623
O -0.84175319 -2.54772898 -1.80350588
H -0.09001544 -2.92469723 -1.31207240
H -0.54917336 -1.66648226 -2.08787414
39
-992.487763711563
O -2.82059802 -2.22513213 -0.02673311
H -3.62269076 -2.72459467 -0.20338637
H -2.20438979 -2.40484397 -0.78310713
O 1.88173105 0.07869734 0.02702851
H 2.47026246 -0.70202595 0.08898051
H 1.27795777 0.04290051 0.79892446
O 0.19711030 3.00744079 -2.05441274
H 0.43718878 3.63742451 -2.73998027
H 0.93631338 3.02905294 -1.38987567
O 0.13464712 3.10216483 2.04072348
H -0.59100401 3.23967610 1.37854773
H 0.01515279 3.78208384 2.70996330
O -0.69306457 -2.51150594 1.86121304
H -1.54295037 -2.41506592 1.39825700
H -0.45301032 -1.61167238 2.13873832
O 2.01233957 2.85864831 -0.11287051
H 2.19554991 1.90272703 -0.04811075
H 1.54190370 3.06047214 0.71396490
O -1.69110522 3.23766968 0.08691047
H -1.18254549 3.29573467 -0.74066541
H -2.08496659 2.34916468 0.05289565
O -2.04339482 0.45551957 -0.02754062
H -1.41021305 0.33463416 -0.77048821
H -2.57817951 -0.35760194 -0.02328147
O 3.27778821 -2.28154025 0.13301796
H 2.51344468 -2.88707224 0.06210877
H 3.87402184 -2.53043815 -0.57840985
O -0.04828429 0.19000192 -1.89066779
H 0.02805997 1.09433601 -2.24293005
H 0.71635034 0.10711522 -1.27575229
O -0.92042546 -2.51650932 -1.87884459
H -0.19851263 -2.94103417 -1.38454652
H -0.58809954 -1.63266665 -2.11158947
O 0.87717623 -3.66281317 0.05071736
H 0.85864320 -4.61041519 0.21639194
H 0.33497369 -3.25983233 0.78088807
O -0.11431989 0.27458744 1.91436098
H -0.86597033 0.36288606 1.28700220
H -0.00122163 1.17413583 2.26725808
39
-992.487977100786
O -2.81446943 -2.23044646 -0.02587175
H -2.21530706 -2.39334992 0.74818169
H -3.62133445 -2.72427194 0.14510089
O 3.26843586 -2.27936741 0.10855431
H 2.50819069 -2.89065549 0.04452759
H 3.88486700 -2.55835205 -0.57370189
O 0.21876084 3.05178288 -2.05677098
H 0.12479970 3.71909396 -2.74262057
H -0.53175328 3.20234649 -1.42528151
O -0.96524908 -2.48006468 1.87845870
H -0.65271987 -1.59563106 2.13407467
H -0.21825450 -2.89457286 1.41432489
O 0.11074428 3.05986225 2.04182728
H 0.87822794 3.06534279 1.41024915
H 0.32380389 3.70196457 2.72505548
O 0.87533888 -3.65572731 -0.00362079
H 0.34379403 -3.27539581 -0.75274672
H 0.81677468 -4.61069180 -0.10335818
O 1.88648116 0.08274281 0.09327662
H 1.30853332 0.02707722 -0.69662880
H 2.47761847 -0.69784417 0.06434900
O -2.03591100 0.45096983 -0.02862070
H -2.56973428 -0.36264745 -0.03866319
H -1.43415817 0.34784545 0.74329737
O 2.00755689 2.86409452 0.18121352
H 2.19227059 1.90668651 0.14879944
H 1.57016546 3.04465366 -0.66817279
O -1.68203443 3.23035925 -0.18204804
H -2.07687712 2.34254542 -0.14327374
H -1.21010684 3.31032726 0.66528080
O -0.65809899 -2.54526130 -1.87358964
H -0.40401391 -1.64264047 -2.12985402
H -1.51545655 -2.44631419 -1.42455550
O -0.03419461 0.22934534 -1.88359378
H -0.80899809 0.33040547 -1.28606183
H 0.09241418 1.12294670 -2.24759723
O -0.12790872 0.23824042 1.92279250
H 0.67060639 0.14251340 1.35540960
H -0.06700260 1.14727242 2.26548993
39
-992.486869010574
O 0.51736130 2.47696563 2.18404897
H 0.23771841 1.54562184 2.30397611
H 0.47553349 2.88057323 3.05576375
O -0.51753446 -2.94091759 2.04589024
H -0.85412404 -3.56124963 2.69889027
H -1.15112809 -2.97503112 1.28083796
O 1.08383387 2.36474029 -2.03570426
H 1.27256744 2.73927676 -2.90094228
H 0.80832417 1.43819916 -2.19767782
O 1.67962814 -3.20374490 0.21418627
H 2.07783296 -2.31968056 0.29681201
H 1.05208666 -3.24913329 0.95585348
O 2.03678591 -0.44193964 0.17208906
H 2.49385401 0.42457869 0.25382761
H 1.48476356 -0.34646275 -0.63065473
O -0.75927667 3.53416800 -0.15701201
H -0.15576424 3.20687954 -0.84415434
H -0.34878894 3.26454661 0.68163796
O 0.18585511 -3.01603804 -1.99248823
H 0.40662479 -3.68775500 -2.64410501
H 0.79793547 -3.16638944 -1.22474544
O -0.05722940 -0.17179204 1.88068589
H -0.25120754 -1.05892375 2.23344236
H 0.75028616 -0.30564529 1.32943440
O 0.20289664 -0.20949593 -1.92259991
H -0.62597104 -0.12360977 -1.39469571
H 0.21173473 -1.13726085 -2.22110476
O -3.17533133 2.32451801 -0.18641574
H -3.79917313 2.72251379 -0.79840937
H -2.35777624 2.87149674 -0.23209491
O -1.89555789 -0.06098696 -0.21662764
H -1.36357661 0.01616532 0.60080492
H -2.47472574 0.73261264 -0.24074179
O -2.02222977 -2.83370043 -0.15133936
H -2.20650114 -1.87915916 -0.23582985
H -1.42353335 -3.02229357 -0.89312785
O 2.75612133 2.18898578 0.33847374
H 2.32101118 2.43866516 -0.49216909
H 2.12475158 2.44793228 1.02858290
