42
-1068.839403296100
O 1.32093390 -3.28631577 -1.34905545
H 1.46892509 -2.35913253 -1.60264858
H 0.36882114 -3.42532854 -1.48963258
O -2.49012305 1.88648260 -1.29371076
H -3.23324236 2.03831108 -1.88489732
H -2.21451972 0.95545394 -1.44067792
O -1.53961145 -3.35975403 -1.21142552
H -1.51702444 -3.40147700 -0.21767696
H -2.17378731 -4.02437804 -1.49507117
O -1.25834442 -3.26421037 1.43019538
H -0.30843079 -3.40378823 1.58495426
H -1.40942826 -2.33394351 1.67587139
O -1.28933069 -0.46823928 1.43202114
H -1.40541193 -0.49309999 0.46097160
H -1.66100665 0.40949546 1.67933331
O 2.13132360 2.16985369 -1.70917329
H 1.28464458 2.68619051 -1.65148560
H 2.67743802 2.62154828 -2.35866545
O 1.32114157 -0.46567954 -1.41083483
H 1.44207428 -0.46719873 -0.43466668
H 1.69527376 0.38815344 -1.70066224
O 1.59673749 -3.36230543 1.31449153
H 1.58710808 -3.41758442 0.32454780
H 2.23317702 -4.01695638 1.61545248
O 2.32599051 2.08669536 1.16508912
H 2.47431021 2.11240947 0.20495128
H 2.15616247 1.14782086 1.36101136
O 0.18456816 3.63639958 1.49632839
H 0.38844995 4.37548712 2.07630334
H 1.00163153 3.07273782 1.47202749
O -0.14058826 3.48266276 -1.29756748
H -0.09957651 3.71682942 -0.35286566
H -0.97104580 2.98357038 -1.39010929
O -1.39379501 -0.58648375 -1.37138491
H -1.59967466 -1.53098212 -1.50202073
H -0.42193833 -0.51104967 -1.51203047
O 1.43004799 -0.55901970 1.33247291
H 1.66080537 -1.48349492 1.53212973
H 0.46257648 -0.49446912 1.50448266
O -2.19841715 2.09261398 1.61892292
H -2.47278625 2.16566766 0.69163334
H -1.41532099 2.66717502 1.68273346
42
-1068.839032804013
O 0.18227175 -3.49056706 -1.28823294
H 1.01412838 -2.99049318 -1.35977713
H 0.11290898 -3.71849052 -0.34382331
O 2.15341898 -2.08389020 1.68187131
H 1.36934376 -2.65930065 1.72439653
H 2.45258202 -2.15762054 0.76229501
O 2.53070978 -1.88954173 -1.21901043
H 2.26329347 -0.95765868 -1.37513915
H 3.30115976 -2.04081263 -1.77415833
O -2.35653370 -2.08855104 1.10242166
H -2.19554659 -1.14813826 1.29878022
H -2.47508166 -2.12047190 0.13853396
O 1.24088483 0.47336592 1.46350003
H 1.38914868 0.49845747 0.49676087
H 1.61130107 -0.40123524 1.72315214
O -1.47284440 0.56185324 1.28288606
H -0.50939522 0.49561408 1.47883150
H -1.70382973 1.48401594 1.49328606
O 1.12422560 3.27503760 1.54447962
H 1.43127128 3.41646213 0.63333213
H 1.34126533 2.34324268 1.72714199
O -2.08242182 -2.18520623 -1.76569750
H -1.23556425 -2.69825494 -1.68492629
H -2.60984137 -2.64067816 -2.42774197
O 1.46422746 3.37406333 -1.31469707
H 1.84819998 4.04768187 -1.88338039
H 0.48041126 3.43087263 -1.44231562
O 1.43625012 0.58354376 -1.32614182
H 0.46900677 0.50007415 -1.49487574
H 1.63870003 1.52396487 -1.48627171
O -1.19293957 3.27725964 -1.44646768
H -1.41314290 2.35091527 -1.64417065
H -1.49398838 3.40710616 -0.53005451
O -1.27588111 0.44959546 -1.44661127
H -1.64540430 -0.40316939 -1.74470226
H -1.42896392 0.45701971 -0.47482134
O -1.53446328 3.37239865 1.38171883
H -0.55390431 3.42540239 1.53000095
H -1.93093890 4.02656952 1.96422572
O -0.22271877 -3.63306639 1.49707673
H -1.03987381 -3.07117631 1.44932960
H -0.44155897 -4.37230304 2.07126917
