48
-1221.535447211818
O 1.34585976 1.46576455 1.41970552
H 0.36708731 1.44184908 1.50184732
H 1.58422527 2.38893619 1.61732011
O 1.35426741 -4.16307401 1.32015058
H 1.53256710 -3.24418325 1.57958317
H 0.41101388 -4.29535665 1.51757290
O -1.40677331 1.33250353 1.33611929
H -1.66387266 0.43085446 1.59136806
H -1.49616030 1.35292710 0.35820724
O -1.35426741 -4.16307401 -1.32015058
H -1.53256710 -3.24418325 -1.57958317
H -0.41101388 -4.29535665 -1.51757290
O -1.40677331 -1.33250353 -1.33611929
H -1.66387266 -0.43085446 -1.59136806
H -1.49616030 -1.35292710 -0.35820724
O 1.50298897 -4.26422959 -1.34892393
H 2.11187408 -4.93602383 -1.66874773
H 1.53492194 -4.30871349 -0.35844360
O -1.34585976 1.46576455 -1.41970552
H -1.58422527 2.38893619 -1.61732011
H -0.36708731 1.44184908 -1.50184732
O 1.50298897 4.26422959 1.34892393
H 1.53492194 4.30871349 0.35844360
H 2.11187408 4.93602383 1.66874773
O 1.35426741 4.16307401 -1.32015058
H 0.41101388 4.29535665 -1.51757290
H 1.53256710 3.24418325 -1.57958317
O 1.34585976 -1.46576455 -1.41970552
H 1.58422527 -2.38893619 -1.61732011
H 0.36708731 -1.44184908 -1.50184732
O -1.50298897 -4.26422959 1.34892393
H -1.53492194 -4.30871349 0.35844360
H -2.11187408 -4.93602383 1.66874773
O -1.34585976 -1.46576455 1.41970552
H -0.36708731 -1.44184908 1.50184732
H -1.58422527 -2.38893619 1.61732011
O 1.40677331 -1.33250353 1.33611929
H 1.49616030 -1.35292710 0.35820724
H 1.66387266 -0.43085446 1.59136806
O -1.50298897 4.26422959 -1.34892393
H -1.53492194 4.30871349 -0.35844360
H -2.11187408 4.93602383 -1.66874773
O 1.40677331 1.33250353 -1.33611929
H 1.66387266 0.43085446 -1.59136806
H 1.49616030 1.35292710 -0.35820724
O -1.35426741 4.16307401 1.32015058
H -0.41101388 4.29535665 1.51757290
H -1.53256710 3.24418325 1.57958317
48
-1221.535149915699
O 0.59834506 1.92265634 4.27095453
H 0.95029936 2.50689935 4.94854820
H 1.13901885 1.09205221 4.31112556
O 0.52863780 1.87219467 -1.32820597
H 1.10440427 1.07613138 -1.34128541
H 0.61978139 2.22825341 -0.42874786
O -1.94422177 0.53340188 -4.28089663
H -1.12896217 1.09700455 -4.32497551
H -2.53699165 0.86466118 -4.96160610
O -1.84309647 0.44283575 4.16465641
H -2.12896651 0.57555926 3.24584624
H -1.13125365 1.09310434 4.29506247
O 1.84309647 -0.44283575 4.16465641
H 2.12896651 -0.57555926 3.24584624
H 1.13125365 -1.09310434 4.29506247
O -0.59834506 -1.92265634 4.27095453
H -1.13901885 -1.09205221 4.31112556
H -0.95029936 -2.50689935 4.94854820
O -0.52863780 -1.87219467 -1.32820597
H -0.61978139 -2.22825341 -0.42874786
H -1.10440427 -1.07613138 -1.34128541
O -0.37645050 -1.85167734 -4.16306140
H -0.49804693 -2.14285280 -3.24437626
H -1.05429245 -1.16536328 -4.29182836
O -1.90068268 0.43370169 1.33368967
H -2.25443581 0.52830725 0.43353628
H -1.47616337 -0.45200880 1.34377361
O 0.43349941 1.90013970 1.47074486
H 0.54126655 2.18808215 2.39468350
H -0.45144236 1.47486682 1.44643161
O 0.37645050 1.85167734 -4.16306140
H 1.05429245 1.16536328 -4.29182836
H 0.49804693 2.14285280 -3.24437626
O 1.87425650 -0.52438997 -1.46909020
H 2.18452132 -0.58698511 -2.38972032
H 1.07584156 -1.09678644 -1.44272065
O 1.90068268 -0.43370169 1.33368967
H 1.47616337 0.45200880 1.34377361
H 2.25443581 -0.52830725 0.43353628
O -1.87425650 0.52438997 -1.46909020
H -2.18452132 0.58698511 -2.38972032
H -1.07584156 1.09678644 -1.44272065
O 1.94422177 -0.53340188 -4.28089663
H 2.53699165 -0.86466118 -4.96160610
H 1.12896217 -1.09700455 -4.32497551
O -0.43349941 -1.90013970 1.47074486
H 0.45144236 -1.47486682 1.44643161
H -0.54126655 -2.18808215 2.39468350
48
-1221.534653910091
O 1.40332778 4.16214084 1.26176249
H 1.58592320 3.24332056 1.51783358
H 0.47039442 4.29862233 1.50085298
O 1.44972419 -4.28721427 1.40834545
H 2.03611131 -4.96769038 1.75118245
H 1.52020847 -4.33194909 0.42000930
O 1.41860198 -1.47377432 1.33886227
H 1.49847944 -1.44452590 0.35981796
H 1.63530399 -2.39415670 1.57107491
O -1.33094604 1.32582544 -1.41124710
H -0.35289978 1.35337245 -1.49896958
H -1.57849592 0.42363649 -1.67468659
O -1.44972419 4.28721427 1.40834545
H -1.52020847 4.33194909 0.42000930
H -2.03611131 4.96769038 1.75118245
O 1.44972419 4.28721427 -1.40834545
H 1.52020847 4.33194909 -0.42000930
H 2.03611131 4.96769038 -1.75118245
O -1.44972419 -4.28721427 -1.40834545
H -1.52020847 -4.33194909 -0.42000930
H -2.03611131 -4.96769038 -1.75118245
O 1.33094604 -1.32582544 -1.41124710
H 1.57849592 -0.42363649 -1.67468659
H 0.35289978 -1.35337245 -1.49896958
O -1.40332778 -4.16214084 1.26176249
H -1.58592320 -3.24332056 1.51783358
H -0.47039442 -4.29862233 1.50085298
O 1.33094604 1.32582544 1.41124710
H 1.57849592 0.42363649 1.67468659
H 0.35289978 1.35337245 1.49896958
O 1.41860198 1.47377432 -1.33886227
H 1.63530399 2.39415670 -1.57107491
H 1.49847944 1.44452590 -0.35981796
O 1.40332778 -4.16214084 -1.26176249
H 0.47039442 -4.29862233 -1.50085298
H 1.58592320 -3.24332056 -1.51783358
O -1.41860198 1.47377432 1.33886227
H -1.63530399 2.39415670 1.57107491
H -1.49847944 1.44452590 0.35981796
O -1.41860198 -1.47377432 -1.33886227
H -1.63530399 -2.39415670 -1.57107491
H -1.49847944 -1.44452590 -0.35981796
O -1.40332778 4.16214084 -1.26176249
H -0.47039442 4.29862233 -1.50085298
H -1.58592320 3.24332056 -1.51783358
O -1.33094604 -1.32582544 1.41124710
H -0.35289978 -1.35337245 1.49896958
H -1.57849592 -0.42363649 1.67468659
48
-1221.534883042988
O -0.03207353 1.94316184 -1.33766413
H 0.75202089 1.35105657 -1.34654834
H -0.05467841 2.31199067 -0.43910972
O -0.04590789 1.89232194 -4.17068787
H -0.11539398 2.19948983 -3.25185450
H -0.83041657 1.33183426 -4.30129082
O -0.02758347 1.94781793 1.47371736
H -0.06842734 2.25923975 2.39518223
H 0.74520140 1.34107397 1.45351203
O 1.94316184 0.03207353 1.33766413
H 1.35105657 -0.75202089 1.34654834
H 2.31199067 0.05467841 0.43910972
O -1.94316184 -0.03207353 1.33766413
H -1.35105657 0.75202089 1.34654834
H -2.31199067 -0.05467841 0.43910972
O 0.04590789 -1.89232194 -4.17068787
H 0.11539398 -2.19948983 -3.25185450
H 0.83041657 -1.33183426 -4.30129082
O 1.94781793 0.02758347 -1.47371736
H 1.34107397 -0.74520140 -1.45351203
H 2.25923975 0.06842734 -2.39518223
O 0.02758347 -1.94781793 1.47371736
H -0.74520140 -1.34107397 1.45351203
H 0.06842734 -2.25923975 2.39518223
O 0.18058632 -2.00828393 4.27589291
H 0.39915899 -2.65005778 4.95760932
H 0.88300566 -1.30921257 4.31634478
O -0.18058632 2.00828393 4.27589291
H -0.39915899 2.65005778 4.95760932
H -0.88300566 1.30921257 4.31634478
O 0.03207353 -1.94316184 -1.33766413
H -0.75202089 -1.35105657 -1.34654834
H 0.05467841 -2.31199067 -0.43910972
O 1.89232194 0.04590789 4.17068787
H 2.19948983 0.11539398 3.25185450
H 1.33183426 0.83041657 4.30129082
O -1.94781793 -0.02758347 -1.47371736
H -1.34107397 0.74520140 -1.45351203
H -2.25923975 -0.06842734 -2.39518223
O -1.89232194 -0.04590789 4.17068787
H -1.33183426 -0.83041657 4.30129082
H -2.19948983 -0.11539398 3.25185450
O -2.00828393 -0.18058632 -4.27589291
H -1.30921257 -0.88300566 -4.31634478
H -2.65005778 -0.39915899 -4.95760932
O 2.00828393 0.18058632 -4.27589291
H 2.65005778 0.39915899 -4.95760932
H 1.30921257 0.88300566 -4.31634478
48
-1221.534491459802
O 1.31614287 1.42969624 1.34024855
H 0.33671524 1.51027983 1.35128030
H 1.57592892 1.68922031 0.44060785
O 1.42315942 -1.31790752 -1.33283375
H 1.68871253 -1.57784644 -0.43516383
H 1.50773272 -0.33864429 -1.34634097
O -1.29322979 -1.38300030 4.17410883
H -1.50876132 -0.44337028 4.30563148
H -1.55060878 -1.56679074 3.25578154
O 1.29322979 1.38300030 4.17410883
H 1.55060878 1.56679074 3.25578154
H 1.50876132 0.44337028 4.30563148
O -1.29217278 1.37539758 -4.17248582
H -1.55043043 1.56231813 -3.25520301
H -1.50981518 0.43514775 -4.29875031
O -1.37577149 -1.47824802 -4.28986027
H -0.38608630 -1.52691762 -4.33427958
H -1.70533561 -2.06656306 -4.97523295
O -1.32011878 -1.42696844 -1.47440190
H -0.33910480 -1.48874677 -1.45080076
H -1.55191272 -1.65746364 -2.39123378
O 1.37577149 1.47824802 -4.28986027
H 0.38608630 1.52691762 -4.33427958
H 1.70533561 2.06656306 -4.97523295
O 1.32011878 1.42696844 -1.47440190
H 1.55191272 1.65746364 -2.39123378
H 0.33910480 1.48874677 -1.45080076
O 1.43598607 -1.31516140 1.47831416
H 1.49538486 -0.33437597 1.45723110
H 1.64024133 -1.55079230 2.40077316
O -1.37890512 1.46810053 4.28040303
H -1.71288597 2.06010490 4.96038125
H -0.38966472 1.52831781 4.32024304
O -1.31614287 -1.42969624 1.34024855
H -1.57592892 -1.68922031 0.44060785
H -0.33671524 -1.51027983 1.35128030
O -1.43598607 1.31516140 1.47831416
H -1.64024133 1.55079230 2.40077316
H -1.49538486 0.33437597 1.45723110
O -1.42315942 1.31790752 -1.33283375
H -1.68871253 1.57784644 -0.43516383
H -1.50773272 0.33864429 -1.34634097
O 1.37890512 -1.46810053 4.28040303
H 1.71288597 -2.06010490 4.96038125
H 0.38966472 -1.52831781 4.32024304
O 1.29217278 -1.37539758 -4.17248582
H 1.55043043 -1.56231813 -3.25520301
H 1.50981518 -0.43514775 -4.29875031
48
-1221.534108515345
O 0.03186516 1.94270611 1.47782312
H 0.05282811 2.26726312 2.39528652
H -0.74148842 1.33617805 1.45395704
O 0.16604414 1.87859240 -4.17261518
H -0.67955883 1.41437160 -4.30116669
H 0.13218829 2.19444902 -3.25481894
O 1.94263959 -0.03051510 1.33483679
H 2.30899614 -0.04771341 0.43516238
H 1.35089362 0.75421451 1.35050856
O -0.16604414 -1.87859240 -4.17261518
H -0.13218829 -2.19444902 -3.25481894
H 0.67955883 -1.41437160 -4.30116669
O -0.03051510 -1.94263959 -1.33483679
H -0.04771341 -2.30899614 -0.43516238
H 0.75421451 -1.35089362 -1.35050856
O -2.02038496 0.04240834 -4.29121800
H -2.67968149 -0.10553171 -4.97528189
H -1.39720867 -0.72803087 -4.33576032
O -0.03186516 -1.94270611 1.47782312
H -0.05282811 -2.26726312 2.39528652
H 0.74148842 -1.33617805 1.45395704
O 0.04240834 2.02038496 4.29121800
H -0.72803087 1.39720867 4.33576032
H -0.10553171 2.67968149 4.97528189
O -1.87859240 0.16604414 4.17261518
H -2.19444902 0.13218829 3.25481894
H -1.41437160 -0.67955883 4.30116669
O -1.94270611 0.03186516 -1.47782312
H -2.26726312 0.05282811 -2.39528652
H -1.33617805 -0.74148842 -1.45395704
O 2.02038496 -0.04240834 -4.29121800
H 1.39720867 0.72803087 -4.33576032
H 2.67968149 0.10553171 -4.97528189
O 1.94270611 -0.03186516 -1.47782312
H 1.33617805 0.74148842 -1.45395704
H 2.26726312 -0.05282811 -2.39528652
O 0.03051510 1.94263959 -1.33483679
H -0.75421451 1.35089362 -1.35050856
H 0.04771341 2.30899614 -0.43516238
O -0.04240834 -2.02038496 4.29121800
H 0.72803087 -1.39720867 4.33576032
H 0.10553171 -2.67968149 4.97528189
O -1.94263959 0.03051510 1.33483679
H -1.35089362 -0.75421451 1.35050856
H -2.30899614 0.04771341 0.43516238
O 1.87859240 -0.16604414 4.17261518
H 1.41437160 0.67955883 4.30116669
H 2.19444902 -0.13218829 3.25481894
