51
-1296.73225978
O -0.91104880 -1.07287620 2.19424738
H -0.10408368 -1.17355625 2.73322405
H -0.58250160 -0.64350451 1.37085626
O 3.24816339 1.69002593 -0.83053610
H 2.60744343 2.35045206 -1.15673759
H 3.00013104 1.59280109 0.11158496
O -2.35608348 2.89296401 0.91715266
H -2.69832219 1.99717985 1.19677420
H -3.04104220 3.51942751 1.18207814
O -3.43607223 -1.23700788 -0.73678260
H -4.31339718 -1.44744712 -1.08113686
H -2.92598971 -0.89344974 -1.52078197
O 0.41477788 3.57196393 1.27746432
H 0.90308011 2.79938288 1.62923150
H -0.52892717 3.32658420 1.33111077
O 0.00771467 0.11735939 -0.08502511
H 0.20578302 -0.52902933 -0.80161150
H -0.47647235 0.83929251 -0.54781140
O 2.44268934 -2.44199550 0.65768602
H 1.74970337 -3.00639350 0.26232664
H 2.76742290 -1.89273041 -0.08164639
O -1.23469739 2.14081214 -1.50342508
H -1.75742878 2.56213315 -0.78924296
H -0.47024521 2.73727662 -1.64091013
O 0.32897723 -3.83820738 -0.64820989
H -0.53016981 -3.65974632 -0.16446655
H 0.32909760 -4.78368272 -0.84155633
O 3.14068012 -0.84258743 -1.64752204
H 3.17949181 0.12622768 -1.40998598
H 3.96837777 -1.01715704 -2.11311477
O -1.87915915 -3.18093658 0.63901761
H -1.57403528 -2.56566805 1.33967962
H -2.48265448 -2.62425330 0.10770763
O -1.99224911 -0.27520419 -2.78326149
H -1.12535625 -0.72277553 -2.80126319
H -1.77825928 0.64420960 -2.53373935
O 1.13233745 3.61842904 -1.29034610
H 0.90502583 3.71745160 -0.32326852
H 1.35053459 4.50728426 -1.59833724
O 1.83387768 -1.24155292 2.98137939
H 2.33127662 -1.64752588 3.70181607
H 2.10373488 -1.73386641 2.16203684
O 1.88544595 1.21292966 1.57154248
H 2.03745415 0.54529904 2.26676785
H 1.26010880 0.75933449 0.95983985
O 0.51292254 -1.55976921 -2.20749865
H 0.45976776 -2.46621746 -1.83762335
H 1.47027510 -1.35924694 -2.25642959
O -3.19617958 0.45502517 1.55802153
H -3.35823931 -0.10059098 0.76908671
H -2.50872822 -0.03515426 2.04831278
