54
-1374.227625139340
O 0.34018626 4.03959203 1.43731808
H 1.16744027 3.49955748 1.51579304
H 0.51323384 4.84636763 1.93162417
O 2.39264008 -2.95125965 -1.24854976
H 2.56935228 -3.01971521 -0.29444640
H 2.57593315 -2.02252249 -1.46783121
O -0.11330337 0.04113625 1.16597931
H 0.83523428 -0.04506668 1.41012680
H -0.10348038 0.05245846 0.17969758
O 2.60583909 2.60933576 1.36892248
H 2.68142040 1.67494379 1.61977273
H 2.86995403 2.63222549 0.43238901
O -0.26465329 0.04026401 -1.54424356
H -0.89341654 -0.71263686 -1.62279463
H -0.80951502 0.85229544 -1.64121170
O 2.85685581 2.65905836 -1.47356520
H 3.44190153 3.20638039 -2.00563847
H 1.95751835 3.06613144 -1.56174693
O -1.74472499 2.15977194 1.40115475
H -1.21534566 2.95004052 1.60918513
H -1.08657717 1.42903957 1.45283162
O 2.57099473 -0.25941815 1.38169868
H 2.65407395 -1.19695653 1.63358997
H 2.63768962 -0.25920160 0.40145585
O 2.38543389 -3.05260286 1.60898100
H 1.44297349 -3.35904845 1.62498668
H 2.86881382 -3.67198909 2.16356336
O 2.44281046 -0.11856776 -1.37641411
H 1.48066675 -0.06705619 -1.55900238
H 2.76396095 0.77546503 -1.59195877
O -0.13592618 -3.92654038 1.36875169
H -0.21373333 -4.11199996 0.41660087
H -0.89907106 -3.36205499 1.57258091
O -2.05296660 -1.82190790 1.40099172
H -2.81991365 -1.28170540 1.64784991
H -1.30339610 -1.18613844 1.43870577
O -2.01014245 -2.04167020 -1.37246449
H -2.09547006 -2.06026693 -0.39622854
H -1.46256399 -2.82008828 -1.58098345
O -1.93344498 2.20581235 -1.41011704
H -2.71875635 1.65083678 -1.59816115
H -1.93487322 2.27206983 -0.43391551
O -0.03877844 -4.04612002 -1.48015166
H 0.02429543 -4.83337682 -2.02892714
H 0.86040822 -3.62974949 -1.50420969
O -3.88005814 0.22706292 -1.43666529
H -4.03992802 0.20511485 -0.47956799
H -3.45221686 -0.62044155 -1.62971149
O -3.88892403 0.43867416 1.48638044
H -4.65928000 0.66567543 2.01597482
H -3.26532116 1.18475678 1.59835217
O 0.43274809 3.78834841 -1.41695778
H 0.30447945 4.02297917 -0.48154655
H -0.39295430 3.34718306 -1.67361614
54
-1374.231976150430
O -1.32515522 -1.31199078 1.35880789
H -1.47122966 -0.38194989 1.61258289
H -1.41895464 -1.31599254 0.38074842
O -1.36424788 -1.42768220 -1.40256320
H -1.81269034 -2.26846797 -1.60347646
H -0.40591122 -1.61211372 -1.53254353
O 3.16775666 -0.19894246 1.38055510
H 2.56785039 -0.96466031 1.51828964
H 3.91680966 -0.33944715 1.96723688
O 0.67081956 -4.84960584 1.30296728
H 0.67743580 -4.90772351 0.30966540
H 1.10297755 -5.64661481 1.62324250
O -2.05035335 4.09436276 -1.26503316
H -2.05023380 3.13963991 -1.45008466
H -2.24060687 4.15661655 -0.31343219
O -1.97949523 4.14548288 1.60152622
H -2.43208978 4.70061216 2.24285723
H -1.03247461 4.44402026 1.59566963
O 0.61530517 4.70817497 1.35359519
H 0.73268860 4.91835600 0.41091404
H 1.08787707 3.86627738 1.47355055
O -2.07356396 -4.03619540 1.31293835
H -1.19886109 -4.41825219 1.49822389
H -1.98547491 -3.10156073 1.56620408
O 0.48464682 4.89097879 -1.49240403
H -0.48657938 4.68527825 -1.49345429
H 0.60716163 5.61698184 -2.11053729
O 0.53420305 -4.73673011 -1.34868391
H -0.41235544 -4.63263396 -1.54607227
H 0.92811024 -3.87905787 -1.59123598
O 1.27194774 -2.13746530 1.42600835
H 0.35341522 -1.79996975 1.53295191
H 1.20720556 -3.10120039 1.56706821
O 1.29026535 -2.04136409 -1.37698819
H 1.35918694 -2.07577610 -0.40194508
H 1.94575588 -1.34923826 -1.62445959
O 3.04559053 0.03637188 -1.57831768
H 2.50914326 0.83991221 -1.69341717
H 3.29601544 0.04701871 -0.64216927
O -1.24200251 1.44691576 1.48673228
H -0.27465200 1.61488658 1.52822462
H -1.65219730 2.29771786 1.72680574
O -1.41778274 1.33667255 -1.27999852
H -1.58480854 0.40809502 -1.52567976
H -1.44112974 1.33676974 -0.29907729
O 1.19353433 2.17601336 -1.48952890
H 0.27404025 1.83770308 -1.55803593
H 1.11920872 3.12866160 -1.68050582
O 1.43101748 2.00012627 1.22852200
H 2.09902700 1.32419571 1.44448718
H 1.43209028 2.04551760 0.24551402
O -2.25216779 -4.08709976 -1.35887214
H -2.29546680 -4.12577285 -0.36908032
H -3.02431146 -4.55997936 -1.68201931
54
-1374.231919834550
O 1.43491380 -1.33211820 -1.28872502
H 1.45016171 -1.33247115 -0.30809445
H 1.59275939 -0.40161710 -1.53279432
O 1.24177798 -1.44449213 1.48429210
H 0.27606686 -1.62032436 1.52627318
H 1.66496281 -2.29356146 1.70756642
O -3.03761162 -0.05277077 -1.59047575
H -3.29094454 -0.06757037 -0.65527284
H -2.49378625 -0.85133814 -1.70624508
O -0.57261115 -4.91097807 -1.38020340
H -0.98172044 -5.70705919 -1.73087401
H -0.67441306 -4.95574958 -0.39419774
O 1.96203803 4.06473047 1.38747978
H 2.22546170 4.13594967 0.45321397
H 1.95352007 3.10869000 1.56502232
O 2.12936106 4.13337581 -1.46279316
H 1.18635964 4.43689070 -1.53656894
H 2.63773610 4.68430411 -2.06490154
O -0.46918742 4.71497144 -1.42973826
H -0.93112313 3.87434494 -1.60159791
H -0.67217702 4.91233627 -0.50009097
O 2.14314622 -4.06300087 -1.17298535
H 2.07745035 -3.13106074 -1.44319813
H 1.28895849 -4.45077714 -1.43026400
O -0.58594644 4.82802280 1.44693674
H 0.38671964 4.63229134 1.50424218
H -0.75032995 5.55488428 2.05448243
O -0.67322026 -4.74068207 1.28533305
H -1.08038841 -3.87787688 1.47624591
H 0.25708519 -4.63359929 1.54817721
O -1.17347886 -2.17801520 -1.50100229
H -1.10263944 -3.13457991 -1.67259392
H -0.25397346 -1.83956406 -1.56984927
O -1.42468370 -2.01677508 1.22117162
H -2.09311855 -1.34130268 1.43624925
H -1.42124292 -2.05881370 0.23827705
O -3.16879621 0.17837064 1.36848226
H -3.92050224 0.31404544 1.95293619
H -2.57574623 0.94896130 1.50868196
O 1.36113079 1.43407356 -1.40145556
H 0.40029031 1.61086250 -1.52840753
H 1.79708146 2.27797880 -1.61824298
O 1.31311291 1.31230553 1.35134196
H 1.40993429 1.31875318 0.37300830
H 1.46677175 0.38341537 1.60451500
O -1.28705123 2.13103116 1.41960465
H -0.36815759 1.79158731 1.52287593
H -1.21823941 3.08908775 1.59257073
O -1.29642852 2.03546659 -1.37686975
H -1.36993770 2.07210592 -0.40200892
H -1.94914181 1.34174234 -1.62641354
O 2.10376348 -4.10242703 1.49794766
H 2.84741967 -4.57687697 1.88040566
H 2.22198372 -4.14348688 0.51306520
54
-1374.227565740199
O -0.09052473 -4.08423972 1.44480407
H -0.95943945 -3.61248387 1.49941801
H -0.21032404 -4.90067814 1.93878056
O -2.52112707 2.71127649 -1.34927877
H -2.64809417 1.77347463 -1.56930338
H -2.75426344 2.77676778 -0.40655925
O 0.02888240 -0.07687305 1.25431173
H 0.05632425 -0.08885429 0.27217062
H -0.93176327 -0.07621585 1.45689354
O -2.46785908 -2.84782831 1.29322862
H -2.67855044 -2.88465731 0.34411330
H -2.63739910 -1.92650255 1.54530795
O 0.30237495 -0.05711430 -1.47593427
H 0.93300929 -0.80780857 -1.53413534
H 0.86079009 0.74927136 -1.50514377
O -2.55670802 -2.92119008 -1.56538591
H -1.61863712 -3.23556917 -1.60701089
H -3.05824056 -3.52997334 -2.11566008
O 1.88659729 -2.05915031 1.46207078
H 1.39829346 -2.87975094 1.64821399
H 1.18941885 -1.37275767 1.53933117
O -2.69239330 0.01931606 1.31482626
H -2.70736261 0.00719086 0.33354870
H -2.83955665 0.95344750 1.54806614
O -2.69347339 2.83522934 1.49225566
H -1.78337388 3.22343351 1.55534892
H -3.25880001 3.41812187 2.00757154
O -2.41404619 -0.11861203 -1.44146488
H -2.64898294 -1.03445405 -1.67476583
H -1.44234432 -0.09480946 -1.56748480
O -0.25150681 3.92935337 1.37405049
H 0.53817225 3.42227732 1.62744986
H -0.13149909 4.10587216 0.42572854
O 1.78033171 1.98204081 1.53054959
H 1.08853035 1.28626574 1.56778801
H 2.59785082 1.48149425 1.73004280
O 1.91915115 2.13649642 -1.18437186
H 1.33642891 2.86809718 -1.46131817
H 1.91135029 2.16875992 -0.19732381
O 2.20504215 -2.00564114 -1.26419701
H 2.19535186 -2.06989634 -0.28192394
H 2.96388584 -1.43670115 -1.47082742
O -0.16462722 3.96157144 -1.50249332
H -1.03091748 3.48050128 -1.54985686
H -0.26408980 4.73105062 -2.07074007
O 3.94442143 0.28924427 -1.40262015
H 4.73971921 0.52784801 -1.88817012
H 3.33452028 1.04736216 -1.50693412
O 3.84406115 0.10550684 1.53913840
H 4.03997596 0.09921646 0.58949678
H 3.40785805 -0.74551884 1.69936828
O -0.03489784 -3.80958647 -1.38102327
H 0.05631722 -4.03560293 -0.43801553
H 0.76560690 -3.30516873 -1.59187013
