57
-1450.581471272993
O -1.12970074 4.01630023 0.16162779
H -0.13285086 4.03520857 0.20751869
H -1.42196260 4.92970051 0.22990065
O -3.72616890 0.33934962 -0.88610855
H -4.61457315 0.52030569 -1.20608600
H -3.15922742 1.07383513 -1.23736236
O 1.11723618 -4.04685820 0.11874158
H 1.41780031 -4.95876067 0.16588077
H 0.12341915 -4.08180551 0.03921426
O 1.52111587 2.24000963 2.79756623
H 2.03943505 1.42065678 2.56579629
H 1.84780778 2.51268574 3.66001449
O -1.08992320 1.84632778 1.90312450
H -1.25606243 2.67240094 1.41081308
H -0.25697740 2.00705114 2.38839556
O 0.32627110 -1.34597789 -3.34887067
H 0.30758165 -0.39129454 -3.52060106
H -0.49868142 -1.49769157 -2.85455055
O -1.50952959 -3.85115058 0.05971349
H -1.74991948 -3.48766015 0.92883636
H -1.68677576 -3.10638789 -0.55186287
O 1.79237749 1.51368439 -1.18058986
H 2.63866351 1.03417555 -1.08910626
H 1.15664315 0.93158485 -0.69899408
O 0.21495995 1.55734198 -3.35056915
H 0.48791406 2.13576737 -4.06898545
H 0.92312190 1.61579420 -2.66733973
O -0.03439398 -0.00545862 0.12935375
H -0.47744385 0.63098711 0.73108179
H 0.34984070 -0.68560157 0.72530690
O 3.75937766 -0.28367697 -0.49964557
H 4.68046849 -0.42127067 -0.73837738
H 3.25331880 -1.03644630 -0.92182153
O -1.72482901 -1.53427860 -1.42724164
H -2.57747836 -1.06597539 -1.41786590
H -1.15285800 -0.95945388 -0.87347628
O 1.48092989 3.77378799 0.39444232
H 1.70620814 3.04372005 -0.21748995
H 1.62001479 3.38013137 1.27365878
O 0.85338698 -1.94310721 1.89244143
H 1.08306342 -2.75006643 1.39127645
H -0.02042229 -2.13311096 2.28665813
O 2.81946560 0.02415519 2.16882594
H 2.20368401 -0.72886257 2.21501149
H 3.23660288 -0.06052290 1.29196194
O 2.31682227 -2.14632393 -1.62524540
H 1.92045272 -2.86099204 -1.09955045
H 1.62932103 -1.86905086 -2.27129483
O -2.09646811 2.22767528 -1.80164864
H -1.77000152 2.90747816 -1.18640315
H -1.34316857 2.00696750 -2.37762286
O -1.82602080 -2.38461455 2.51087190
H -2.23876221 -2.69504511 3.32210516
H -2.32519061 -1.56112253 2.26010897
O -3.07517012 -0.13688321 1.85269783
H -3.38599763 -0.00380869 0.93903174
H -2.47433134 0.61151566 2.01319197
57
-1450.581660297755
O 1.41628663 -3.75772242 0.45506222
H 1.65078002 -3.04692131 -0.17497873
H 1.54845018 -3.34776185 1.32795211
O 0.77212592 1.95468530 1.93373636
H 1.02431862 2.74358331 1.41044564
H -0.11423472 2.15612605 2.29220501
O -0.01344332 -0.00528765 0.16692493
H -0.48340847 -0.63157168 0.75949621
H 0.33658908 0.69030093 0.76772478
O -1.19663387 -3.95936169 0.17202323
H -0.20243040 -4.00116316 0.24122160
H -1.51404085 -4.86438141 0.24006556
O -3.15937417 0.16206530 1.84689628
H -2.55086601 -0.57835344 2.01670266
H -3.43282669 0.03822484 0.92037891
O -3.59724312 -0.20886677 -0.95456305
H -4.43808983 -0.05803775 -1.39679014
H -2.99684331 0.52890644 -1.24053306
O 3.71723162 0.11528180 -0.34148132
H 4.62494040 -0.08308372 -0.58995115
H 3.15714336 -0.57814126 -0.76348138
O 1.27120412 3.93910495 0.11039385
H 1.69954516 3.36768696 -0.59070595
H 1.80406528 4.73786795 0.16043801
O -1.92041172 2.43363278 2.44624024
H -2.35041578 2.78676337 3.23063493
H -2.41625653 1.59973117 2.22495838
O -1.16355705 -1.80809159 1.92193821
H -0.34630880 -1.98244444 2.42864812
H -1.32841524 -2.63069988 1.42225638
O -1.56882004 3.79609898 -0.05436606
H -1.76543259 3.47944331 0.84335771
H -0.61875391 4.00629459 -0.03609971
O 0.21455029 -1.59287707 -3.43969865
H 0.20221768 -2.10176104 -4.25516228
H -0.61309888 -1.84214351 -2.95351543
O 1.78258110 -1.52668201 -1.17079154
H 1.12156235 -0.95599774 -0.71110106
H 1.41428059 -1.62579428 -2.07067211
O -1.64946300 1.49362430 -1.47724440
H -1.05727217 0.96543636 -0.89956444
H -1.68252072 2.37511466 -1.03237863
O 1.42173196 -2.23110041 2.87121478
H 1.72395099 -2.53316917 3.73298637
H 1.94168867 -1.40148598 2.68491094
O -1.91538325 -2.27863914 -1.98990635
H -2.54256009 -1.62577230 -1.63218458
H -1.72167818 -2.89302059 -1.26015015
O 2.73524449 0.00252200 2.33849397
H 3.17092667 0.05360038 1.46906370
H 2.11449933 0.75319100 2.34376769
O 2.36334283 2.33422849 -1.63897523
H 1.74958584 1.92979086 -2.29304059
H 2.86196986 1.60143483 -1.24471452
O 0.48197460 1.28409434 -3.32550687
H -0.34399619 1.46504070 -2.84157460
H 0.43806382 0.32961797 -3.49575509
57
-1450.581540121211
O 2.13717177 -2.14306921 1.98688165
H 2.72599172 -1.51237254 1.54404628
H 1.91789438 -2.81055231 1.31511661
O -2.86318248 -0.22911472 -2.14805500
H -3.26286027 -0.11230613 -1.26738627
H -2.28022872 0.54349898 -2.24744785
O -2.27278292 2.08859348 1.64419306
H -1.90179912 2.79246485 1.08431401
H -1.58206117 1.85896921 2.29248160
O 3.01416825 0.15645236 -2.00465842
H 2.43075388 -0.61816186 -2.09547768
H 3.35011498 0.10140389 -1.09197663
O -1.30208677 -3.90813691 -0.23849247
H -1.58444613 -3.18479198 0.35860560
H -1.48270646 -3.54744641 -1.12308187
O -3.77550704 0.21211077 0.51910805
H -3.25584430 0.94399893 0.94336674
H -4.69318331 0.37238096 0.75726354
O 3.66988925 0.00779664 0.76174084
H 4.52642066 0.23427007 1.13584659
H 3.02816054 0.66335683 1.12368363
O -1.22484924 3.95256403 -0.20925366
H -0.22992409 4.02004067 -0.17832848
H -1.55599372 4.85263291 -0.27762435
O -0.00542696 -0.02656323 -0.16313248
H -0.41406446 0.60911918 -0.78976870
H 0.45841085 -0.67913052 -0.73234293
O 1.68928161 2.34875289 -2.66111210
H 2.21596454 1.53580058 -2.42678199
H 2.06830136 2.67044347 -3.48449762
O -0.96431662 1.82890500 -1.98262952
H -0.10399076 2.03661345 -2.39676836
H -1.20377005 2.63528839 -1.48729389
O -1.47818171 -2.42825951 -2.69774804
H -1.80939780 -2.75022491 -3.54133225
H -2.02701850 -1.62481990 -2.48929805
O 1.12134311 -1.89383608 -1.85944224
H 0.29031354 -2.11769178 -2.32245471
H 1.34180945 -2.69123230 -1.33890693
O -0.20322165 1.35302805 3.45188291
H -0.15268785 0.35098665 3.50726884
H -0.22285600 1.66778992 4.36020526
O 1.40581074 3.82081394 -0.22509854
H 1.63423000 3.43980328 -1.09075266
H 1.56488349 3.08772008 0.40359201
O -0.06422862 -1.24813310 3.40980325
H 0.74881900 -1.57188667 2.96676009
H -0.77697463 -1.49771390 2.79415728
O 1.32799890 -3.97098377 -0.05293651
H 0.33440257 -4.05498689 -0.06398226
H 1.67656863 -4.86659899 -0.07910782
O -1.79266028 -1.61733153 1.22566857
H -2.65380176 -1.17442362 1.12949925
H -1.18594014 -1.02542587 0.73015526
O 1.57574002 1.55404406 1.37086141
H 1.10749275 1.59950144 2.22851049
H 0.99942558 0.96199068 0.83104896
57
-1450.581693995268
O 1.64309561 -3.77349797 0.71854134
H 2.04354817 -4.62344978 0.92414956
H 0.81734435 -3.97234532 0.19782905
O 1.22383225 1.65397325 -2.67674347
H 1.75647685 2.09135938 -1.99166863
H 1.59845776 0.76395439 -2.78345954
O 1.48953480 0.25491001 3.33843640
H 1.02552756 -0.58745444 3.19945278
H 2.04206982 0.35038804 2.53883808
O -1.45323780 2.13559750 -2.52349635
H -1.93853457 1.29497086 -2.50945434
H -0.50118648 1.90429727 -2.60933914
O -2.36664722 -2.94859400 1.47261592
H -2.80926529 -2.14422132 1.08635404
H -3.06427245 -3.42980972 1.92735204
O -0.17943803 2.30088325 3.17921864
H -0.29450618 2.68603157 4.05283315
H 0.44628244 1.53441967 3.30124044
O -0.06288328 -0.22923493 0.27718437
H -0.75027377 0.42161363 0.53940018
H -0.03885999 -0.87893195 1.01509521
O -2.82546104 -0.40590493 -2.32132640
H -3.38519259 -0.69593530 -3.04775881
H -1.99739722 -0.93975820 -2.38033211
O 2.58236509 2.95338277 -0.50883933
H 3.24038006 3.63985627 -0.64959331
H 1.86211227 3.37159530 0.03250359
O 0.13877596 -2.05662369 2.31654092
H -0.75420186 -2.44424618 2.24188058
H 0.73736252 -2.72778423 1.93481732
O -1.86088198 3.61887580 -0.42937330
H -2.47488732 4.32633556 -0.64478810
H -1.72783138 3.09342438 -1.27347228
O -0.47504388 -1.62100367 -1.99901243
H 0.33506207 -1.50549837 -2.53352867
H -0.30097703 -1.08096553 -1.19114696
O -2.00185626 1.46921555 1.26403842
H -1.52466809 1.76370985 2.06393120
H -2.10519043 2.27613578 0.71964034
O 2.04865813 -1.07501770 -2.96398613
H 2.57285578 -1.34686930 -3.72250202
H 2.53629999 -1.40082101 -2.15836244
O -0.65702984 -4.00825814 -0.56419350
H -1.34549073 -3.76464644 0.07924827
H -0.63529889 -3.25493043 -1.18687584
O -3.47135891 -0.77258061 0.43883157
H -3.35752872 -0.65529022 -0.52112395
H -3.09247695 0.03659377 0.82698138
O 3.19271951 -1.83340867 -0.70670367
H 2.72052931 -2.53344124 -0.22289379
H 3.12579181 -1.04174497 -0.13791314
O 2.54384467 0.47137702 0.73253317
H 2.78736397 1.33905847 0.35913254
H 1.60809950 0.35660537 0.46055663
O 0.58017273 3.92049372 0.93949340
H -0.25689598 3.91957354 0.44011262
H 0.38615087 3.42242537 1.75261992
57
-1450.582252818614
O 1.74554426 -2.22655186 -2.71139542
H 2.25274863 -1.40342899 -2.46867151
H 2.12686112 -2.52804306 -3.54123516
O -2.17826876 -2.38750359 1.70617844
H -2.73592202 -1.65499657 1.38740927
H -1.52317417 -2.00532511 2.31708878
O 0.12408722 1.39483369 3.35337843
H 0.08190462 0.43934992 3.52076798
H -0.67174214 1.55856115 2.81726370
O -0.91621980 -1.84334339 -1.98145971
H -1.10687766 -2.66770576 -1.49202718
H -0.05464445 -1.99275442 -2.41644828
O 1.10421534 4.04211499 -0.07861695
H 0.10979859 4.09755323 -0.05098391
H 1.42491631 4.94770809 -0.11300592
O 0.92966540 1.86370115 -1.80031661
H 1.15873233 2.66806941 -1.29571818
H 0.63640506 1.21647089 -1.11645973
O -0.03227810 -1.48329387 3.34366878
H 0.18984928 -2.04195912 4.09449505
H 0.70958417 -1.58351365 2.70230124
O 3.02702092 -0.00935975 -2.04109022
H 2.40683962 0.73985465 -2.10690515
H 3.36150685 0.04826694 -1.12741382
O 2.20589245 2.13455309 1.72393307
H 1.48487807 1.88108745 2.34299208
H 1.84769484 2.85321467 1.17658047
O -3.75439457 -0.30995882 0.58929848
H -3.53779098 -0.18278625 -0.37169897
H -4.71310339 -0.36777440 0.63599533
O -1.53630577 3.89346420 -0.13836665
H -1.74070304 3.13138048 0.44289833
H -1.74165780 3.56161335 -1.02688998
O -1.60198715 2.40667400 -2.62332880
H -1.66916509 2.70018373 -3.53692625
H -0.64553542 2.21804051 -2.46929738
O -1.80994218 1.56207655 1.31309869
H -1.19800556 0.98187620 0.80930144
H -2.65348506 1.08048960 1.26226381
O -3.01198397 0.01500720 -1.94994426
H -2.59680282 0.86243833 -2.19049071
H -2.33466722 -0.65386024 -2.15257253
O -1.23712214 -3.93023498 -0.20655441
H -1.60364528 -3.38879077 0.54608687
H -1.76829695 -4.73091585 -0.23985402
O 1.59296349 -3.69842186 -0.28266268
H 0.65069339 -3.93858557 -0.24597602
H 1.71888182 -3.32992862 -1.17459993
O -0.06083569 -0.00495706 -0.10137940
H 0.58076389 -0.51646238 0.44088887
H -0.43334063 -0.66485199 -0.72591624
O 1.71194365 -1.55642082 1.32523088
H 1.75885423 -2.37798735 0.77527317
H 2.55487698 -1.07643515 1.20400436
O 3.68879055 0.23504518 0.71545241
H 3.16262491 0.99812518 1.09158967
H 4.58215804 0.34142047 1.05500847
57
-1450.582260305002
O -3.23051900 0.32139135 1.70365924
H -2.45006274 0.88995810 1.90791561
H -3.92094119 0.58566919 2.31901537
O -1.71239325 -1.47738220 -1.61144512
H -1.91532949 -2.29680220 -1.11689556
H -1.07945488 -1.74892210 -2.30398764
O 0.46265904 -2.26363748 -3.14915110
H 1.09921684 -1.49729683 -3.16161483
H 0.50786983 -2.65495624 -4.02643043
O -0.83067689 3.95948611 0.51800371
H 0.08881700 4.08564655 0.23053967
H -1.31564174 3.76462195 -0.30385368
O 0.00633169 0.17191991 -0.24719733
H -0.38405684 0.60798124 0.54182047
H -0.65516800 -0.46004717 -0.60280981
O 2.65188258 -0.42484329 -0.25935775
H 1.68067509 -0.31867563 -0.16033235
H 2.82724877 -1.28867159 0.15816587
O 1.36034117 1.13748612 3.25615128
H 2.02421251 1.43799661 2.57533343
H 1.69543237 1.43949352 4.10528127
O 2.45090096 -2.88764061 1.00357343
H 1.85833299 -3.31730725 0.33174160
H 3.06872495 -3.56942165 1.28234653
O 0.67752471 -1.63188622 2.88504340
H 1.33619897 -2.04494420 2.30205934
H 0.98964008 -0.72642216 3.04551854
O 3.00398298 1.84371996 1.31870931
H 3.05428987 1.05416741 0.74407859
H 2.66904803 2.54791327 0.73663395
O -1.89954572 -2.19337714 2.19410103
H -2.38411204 -1.36050494 2.07506740
H -0.99115797 -1.94515832 2.47812764
O 1.84378612 3.72498564 -0.49683043
H 2.41920754 4.35091154 -0.94642631
H 1.46545820 3.14454376 -1.20089817
O 0.54425499 2.01939859 -2.13428621
H -0.31738741 2.42973773 -2.33065482
H 0.30993897 1.35378608 -1.44300229
O -2.07778954 3.00730909 -1.86274902
H -2.56691746 2.18397280 -1.59342533
H -2.69579452 3.50402497 -2.40689839
O 2.13425187 -0.21276488 -3.01881179
H 1.64161307 0.62370210 -2.98050626
H 2.51812587 -0.29885102 -2.12468931
O 0.80038283 -3.89452383 -0.81624803
H 0.76098021 -3.38956470 -1.64679794
H -0.11882268 -3.91367809 -0.49273385
O -1.86959836 -3.65676286 0.04430802
H -1.89923045 -3.14265694 0.90496047
H -2.49578997 -4.37959207 0.14031133
O -0.93768275 1.63851257 1.86232118
H -0.20296149 1.57314405 2.50497296
H -0.89716266 2.54163676 1.45946168
O -3.31018513 0.77250738 -1.11681870
H -3.41085585 0.63432163 -0.15856030
H -2.85709239 -0.03181399 -1.42755027
