60
-1526.929708791336
O -2.77652159 -3.12026318 -1.58706500
H -3.28923146 -3.66217663 -2.19388869
H -2.75055019 -0.29309067 0.37742464
O -1.18539910 4.05411149 1.18704219
H -1.85562753 -3.49223991 -1.60594493
H -3.09277789 0.54752515 1.62683984
O 3.93776731 -0.87106247 1.40079963
H -0.36721003 3.59462752 1.44494743
H -2.96258492 -3.15328347 0.32341470
O -1.32055129 4.11108974 -1.47131286
H -1.91751543 3.49311799 1.49625109
H -2.85710211 -2.18716158 1.51438125
O 1.12471667 2.45223544 1.35374008
H 3.16651217 -1.42973217 1.59732889
H -0.23879841 -4.35847090 -0.44296674
O 0.06780180 0.10296064 -1.31189339
H 4.13181411 -1.04359243 0.46332671
H 0.43901487 -3.51931590 -1.54271887
O 1.48304510 -2.29698036 1.33952394
H -1.47799747 5.00038384 -1.80218516
H 1.12059800 -1.28667061 -1.52815278
O 4.17676183 -0.92186789 -1.44949075
H -1.28181432 4.19256430 -0.48173627
H 2.56447875 -1.83828416 -1.59309332
O -2.61771137 -0.33438765 -1.39043639
H 0.74544144 1.56108602 1.51029700
H -1.29497102 -3.89510495 1.50136212
O 3.76422092 1.70860731 -1.32053755
H 2.06501914 2.36285263 1.59564282
H -0.48632263 -5.12226150 2.02750878
O -2.69923820 -0.30317123 1.35990450
H 0.41856362 0.99675312 -1.52204309
H 3.86459811 0.79837017 1.58861662
O -2.76835662 -3.12616441 1.27620331
H 0.06092221 0.09209687 -0.32659554
H 4.52538181 2.10404820 2.12431385
O -0.31453944 -4.11483472 -1.38109358
H 0.94597272 -3.08130081 1.55834987
H -4.30470128 2.76261097 1.87135475
O 1.64606927 -2.10813135 -1.40771120
H 1.55873101 -2.31510278 0.35971758
H -3.60563968 2.40390677 0.52250742
O -0.40789304 -4.33984946 1.47419779
H 4.02098536 0.05699151 -1.50068144
H -3.31887512 1.41418549 -1.43206953
O 3.83026223 1.78892122 1.53958641
H 4.95097543 -1.09186646 -1.99368221
H -2.80023288 2.87964915 -1.45877969
O -3.49408680 2.39161127 1.51013016
H -2.77088063 -1.26462815 -1.64009534
H 0.47888671 -0.86779764 1.55382135
O -3.53348918 2.32008731 -1.14933513
H -1.65594415 -0.18798444 -1.52480268
H -0.95496379 -0.17831698 1.55987258
O 0.00380663 -0.01893371 1.41662878
H 3.86653319 1.91059685 -0.37460841
H 1.09562619 2.66608059 -0.41095540
O 1.08134084 2.63507874 -1.39372279
H 2.91202627 2.10759462 -1.56452359
H 0.36852936 3.25124366 -1.64067423
60
-1526.930329437372
O 1.23102376 2.41277759 -1.40144590
H 0.82754236 1.53072963 -1.54611081
H 2.17214230 2.29378398 -1.62577292
O 3.91478366 1.63857575 -1.44672420
H 4.69104245 2.09318247 -1.78714751
H 3.97574729 1.69681853 -0.45711947
O -1.05040839 4.04027485 -1.31073248
H -0.20339442 3.59776981 -1.49746029
H -1.01416057 4.24598105 -0.36094113
O 0.10309639 0.09219513 1.31040104
H 0.09174487 0.07914702 0.32508912
H 0.49391881 0.97095227 1.51255274
O -0.59410255 -4.12542740 1.35027598
H -0.52554728 -4.35291312 0.40772097
H 0.18987232 -3.57572328 1.52980808
O -2.97645765 -2.95821346 1.54773127
H -3.53499566 -3.46426511 2.14500180
H -2.08709261 -3.40112921 1.56889913
O -3.27149196 2.53636340 1.30491601
H -3.47236310 2.56992054 0.35398616
H -3.18094714 1.58726296 1.50084190
O -3.29062925 2.62259466 -1.55847055
H -2.45032644 3.15246099 -1.56560105
H -3.89760963 3.08516392 -2.14337306
O 3.86807576 1.62297930 1.21949150
H 3.88838413 0.68767678 1.48532001
H 3.02076843 1.98260460 1.53074296
O -2.68846438 -0.09820700 -1.34267586
H -3.00265419 0.79077673 -1.59327754
H -2.73910613 -0.10651287 -0.36081810
O -0.66938717 -4.27694298 -1.51373227
H -1.52400776 -3.77255645 -1.54012295
H -0.79468705 -5.04070367 -2.08415984
O -2.60675670 -0.19145581 1.40803516
H -1.63732912 -0.10648898 1.53770592
H -2.81917730 -1.11555925 1.63710095
O 3.94914219 -1.21804570 -1.26547702
H 3.11859558 -1.64217349 -1.53993255
H 3.88647090 -0.28471206 -1.53189430
O 1.36743895 -2.38535359 -1.32061106
H 0.77746178 -3.12479941 -1.55866864
H 1.41859775 -2.41832345 -0.34006366
O 1.20619213 2.58825610 1.36088276
H 1.22582637 2.61739183 0.37910050
H 0.49367097 3.20707154 1.60560400
O 4.08703821 -1.22865257 1.39676006
H 4.91621069 -1.60282294 1.70909575
H 4.12050860 -1.27873250 0.40535961
O 0.02798558 -0.02144898 -1.41847661
H -0.94015640 -0.11906264 -1.55433643
H 0.44890907 -0.89868471 -1.55128754
O -2.94636582 -2.91064598 -1.31372850
H -2.97301228 -1.96414361 -1.53644740
H -3.15181589 -2.94130026 -0.36327268
O -1.13573903 4.11524267 1.55209975
H -1.93057343 3.52043643 1.55851984
H -1.36020928 4.85691146 2.12137453
O 1.48202354 -2.24496510 1.44447465
H 1.03306170 -1.37827492 1.55525501
H 2.42076915 -2.05709902 1.62775181
60
-1526.927772924131
O 2.31944120 -3.51134485 1.49466487
H 1.36082622 -3.32521860 1.59575301
H 2.67669712 -3.56311607 -0.43503781
O 2.47632879 1.21134504 -1.22981799
H 2.51497474 -4.22067012 2.11375489
H 3.17290189 -2.57799870 -1.50196430
O 1.65199874 3.85146656 -1.50072563
H 2.46894307 1.23199714 -0.24176227
H -1.88347044 -2.87952594 -1.67870995
O -0.99505420 4.00409296 -1.27940180
H 2.31357318 2.13752801 -1.49393576
H -2.91751032 -3.08722580 -0.56002942
O 0.02419480 -0.00660412 -1.39264387
H 0.65956031 3.90154185 -1.51392193
H -0.12286740 0.02579141 0.34951008
O -1.01205251 4.13105172 1.57656278
H 1.95712641 4.55592455 -2.07975410
H -0.94081367 0.58405825 1.52768638
O -4.08363122 -0.57597870 1.24804801
H -1.14350739 4.16973085 -0.33227598
H 4.18122836 -1.12922147 0.49152717
O 1.62676467 3.79734533 1.38034689
H -1.53532493 3.21905169 -1.47818584
H 3.42578371 -1.94644377 1.54798310
O -3.02992273 -3.02089644 1.36697976
H 0.06698864 -0.97901207 -1.54362923
H 2.96994300 0.34920483 1.63607304
O -0.26908910 -2.68344192 1.42052307
H 0.92525244 0.36080052 -1.50660674
H 1.45733021 0.71075064 1.59867765
O 2.63140327 -3.37643350 -1.38659491
H -0.02814450 3.99972577 1.60431634
H -2.00983373 2.55000098 1.61886994
O -2.83711857 -2.82476045 -1.49263629
H -1.18860226 4.89256808 2.13667825
H -2.35374898 1.68564042 0.38410504
O -0.16604357 0.01128811 1.33368790
H -3.59363435 0.22032111 1.51249978
H -0.08801239 -2.77229656 -0.39867702
O 3.93948285 -1.12956859 1.43163422
H -4.26749271 -0.44826163 0.30105204
H 0.89006114 -3.03376478 -1.55721956
O 2.35044615 1.09760042 1.48518281
H 2.00769058 2.92455442 1.58560120
H -3.66304470 -1.37339775 -1.66464021
O -2.33593447 1.66670905 1.36643904
H 1.80354805 3.92036349 0.43275498
H -4.91451201 -0.61239906 -2.19788161
O -0.01909687 -2.70684710 -1.37329356
H -3.41761484 -2.10821835 1.41793520
H 4.94040266 -0.80886598 -1.98243580
O -4.16220678 -0.51713374 -1.60670132
H -3.61214371 -3.57960941 1.89008157
H 3.64190565 -0.08262478 -1.54201736
O 4.14375027 -0.92169809 -1.45599187
H -1.19773391 -2.94960531 1.55983111
H -2.97969570 0.91267521 -1.63898106
O -2.23718550 1.49110027 -1.38425333
H -0.27440120 -1.70611796 1.54184115
H -1.43738814 0.93973137 -1.52177460
