63
-1603.279546512189
O -2.85036258 1.99000097 -1.76657027
H -2.71008362 2.53319605 -0.96947357
H -2.89482076 1.07801117 -1.42408489
O 0.65675252 -1.93314313 3.18890461
H 1.54147170 -2.00794794 2.78706741
H 0.47094335 -0.97175167 3.14603563
O 3.12708906 -1.78952548 1.82091733
H 3.95606732 -2.17208640 2.12243197
H 3.31320834 -0.81416685 1.67695743
O 3.56660431 0.71535766 1.27905987
H 3.58795188 0.87074621 0.30779660
H 3.04984623 1.44573954 1.65931747
O 0.10061194 -0.81024527 -3.68112836
H -0.56372895 -1.41484095 -3.30876603
H -0.29485201 0.08011519 -3.65697158
O 3.51953914 1.08971924 -1.43313625
H 3.35573055 0.29627067 -1.96695630
H 2.70823359 1.61407321 -1.56900022
O 0.05176278 0.04224634 -0.04797001
H 0.61689825 -0.74566506 -0.20841575
H -0.85571669 -0.21482898 -0.31708622
O 0.06837843 0.67842179 2.61186458
H 0.11135515 0.49800030 1.64557749
H 0.70704286 1.40445845 2.75064528
O 0.96176166 2.21142733 -1.48132451
H 0.43689820 2.23977400 -2.30115111
H 0.61763973 1.42206153 -1.00891975
O -0.50341812 -3.81299185 -0.48443326
H -0.86281788 -3.67709967 0.40945111
H 0.35620929 -3.34500953 -0.46592193
O -0.89836427 1.83234170 -3.53536634
H -1.12009833 2.30801740 -4.34089607
H -1.67182800 1.95503744 -2.91968229
O 2.59315737 -1.25333043 -2.87118938
H 1.68556167 -1.05895843 -3.22335148
H 3.06065045 -1.69590237 -3.58518693
O -2.60724684 1.29246316 2.48274845
H -1.66412595 1.11129178 2.67703599
H -2.97176850 0.42015237 2.26778633
O -1.38780222 -3.19369357 2.17634007
H -1.53071558 -3.94832246 2.75647895
H -0.58076955 -2.72977709 2.55631873
O -2.42293390 3.28565221 0.72456221
H -3.03947274 3.97202923 0.99704312
H -2.55791776 2.54286862 1.36928854
O -3.39891154 -1.41578696 1.70936444
H -4.24566870 -1.76605901 2.00105263
H -2.72543617 -2.09010306 1.95987802
O -1.76209250 -2.61712360 -2.45926031
H -2.22621960 -3.24905277 -3.01554992
H -1.31458423 -3.14890797 -1.74293539
O 1.88565220 2.74146730 2.41953613
H 1.33677005 3.25581997 1.76456689
H 2.26822083 3.39151474 3.01537527
O 1.67625965 -2.15154805 -0.45643685
H 2.16084319 -1.96153242 -1.28432426
H 2.32519666 -2.13940276 0.27646484
O -2.54282391 -0.59468709 -0.79194511
H -2.98757506 -0.94400951 0.00259914
H -2.46560785 -1.34027359 -1.41933163
O 0.36899564 3.91459400 0.60734818
H 0.58623924 3.44409506 -0.22283461
H -0.58971082 3.77895490 0.70710679
63
-1603.279747732950
O 0.66302518 1.14854224 -3.60171116
H 1.35531504 0.88723293 -2.96077937
H 0.28414973 1.95635450 -3.22054833
O -0.58206644 3.16020812 2.08141575
H -1.50393392 2.87948327 1.94032237
H -0.12911740 2.34376242 2.38225968
O -0.44355955 3.43337512 -2.18092005
H -0.71366453 4.22598128 -2.65350459
H 0.08122680 3.74519496 -1.40699436
O 0.88942786 4.02716341 0.11054247
H 0.28830576 3.72629916 0.85667758
H 1.14267586 4.92742502 0.33778026
O -3.22036752 -0.44974544 2.15201960
H -2.47523259 -0.77988871 2.70323776
H -3.31634121 -1.08299968 1.42132115
O -2.02449113 1.50179517 -0.96016300
H -1.61560368 2.26783629 -1.40298821
H -2.50036614 1.84300326 -0.17499463
O -1.03513875 -1.25322925 3.58823458
H -0.41551994 -0.52247278 3.40734230
H -0.53538861 -2.03417272 3.30225893
O 0.63893764 -3.27199358 2.37098403
H 1.47426066 -2.82729809 2.07147802
H 0.91362442 -4.11034980 2.75307314
O -0.73182367 -2.74008475 0.06429591
H -1.70699817 -2.76032108 0.11818689
H -0.37609127 -3.07518693 0.91127069
O 3.07316764 -2.32570263 -1.38892959
H 2.21431743 -2.66008270 -1.77203717
H 3.76993765 -2.85260467 -1.79019362
O 2.25998244 0.32102378 -1.51499200
H 2.73053552 -0.53061884 -1.58135977
H 1.46693922 0.11110610 -0.97011513
O -0.70086295 -1.12258912 -3.82533970
H -0.81266015 -1.30367998 -4.76335227
H -0.24099978 -0.24255049 -3.78140391
O -3.41456517 -2.23574283 -0.08443803
H -3.33078580 -1.71811355 -0.93140461
H -4.18430856 -2.80160910 -0.19032636
O 3.38373477 0.60182032 2.21384024
H 4.13870357 0.80250333 2.77410667
H 3.39234036 1.27888461 1.48392656
O -3.12461302 2.06598006 1.46979627
H -3.96724347 2.46129458 1.71131313
H -3.17976236 1.10930521 1.76739293
O 2.81330973 -2.07353293 1.42562370
H 3.07742833 -1.16807399 1.66563748
H 2.96688227 -2.16097572 0.46817867
O 0.02530937 -0.09644302 -0.00713187
H -0.72470302 0.43768628 -0.34797647
H -0.28617028 -1.02934033 0.00753287
O 0.70436468 -3.04811435 -2.28223962
H 0.26805070 -2.40221674 -2.86729733
H 0.13962174 -3.07139188 -1.48606204
O 3.20666348 2.28084532 0.17590581
H 2.45851908 2.90166533 0.19312591
H 2.97243194 1.64171551 -0.52741327
O 0.62152742 0.74311337 2.54282008
H 1.59192223 0.71600550 2.62937099
H 0.44894701 0.41450457 1.63281874
O -3.01662492 -0.75209595 -2.22867911
H -2.77739985 0.12235204 -1.86784681
H -2.27267058 -0.96948383 -2.81943932
