66
-1679.624817806828
O -2.15913615 -0.10548201 -3.04813676
H -1.20167437 0.03479316 -2.95742730
H -0.73412716 3.53876117 1.62391370
O 1.72088297 -2.71037576 1.03416694
H -2.34958080 -0.82209951 -2.40964270
H -1.05217964 2.91653747 0.24697670
O -0.13014997 -0.90471583 0.08721403
H 1.87384939 -3.24510950 0.23210666
H -0.85551318 1.40963202 1.96111605
O -3.26874731 2.15540342 -2.27405784
H 1.06786596 -3.21467944 1.55932941
H 0.52621513 0.86904911 2.33157726
O -0.69473914 2.90087022 -1.51708102
H -0.28286828 -0.34375915 0.88600662
H -0.65112052 -4.46653954 2.85886269
O -2.41371091 -1.95554590 -0.96722714
H 0.55736520 -1.54634975 0.37139908
H -1.09997795 -3.04234551 2.41764048
O -3.80323569 1.67012135 0.46386551
H -3.88550019 2.49717786 -2.92789981
H 3.24382593 -0.03104224 2.01114013
O 2.46648124 -1.37653321 -2.64924863
H -2.93418290 1.28673146 -2.63146214
H 3.01084835 -1.50398158 1.58542133
O 1.56084789 -3.85502049 -1.48677772
H -0.24222782 2.10929422 -1.86112571
H 2.12187939 3.64797551 -0.72061675
O -4.04215826 -0.91275272 1.07816598
H -1.59171812 2.85032962 -1.89904934
H 0.73060913 4.17077271 -1.03418596
O 2.59957074 1.81347029 -0.74113608
H -3.13751066 -1.73665092 -0.35282507
H 1.24471615 4.43284944 1.11175459
O -1.34278285 2.91948567 1.18368450
H -1.61931901 -1.58683339 -0.52118845
H 1.18659175 5.07573419 2.53091805
O -0.41502759 0.59570105 2.29082171
H -3.10754343 2.20454688 0.87935784
H 2.26042000 1.68344455 1.01386635
O -0.54747222 -3.82660945 2.14818031
H -3.71998620 1.85757338 -0.48891314
H 1.95750351 2.51787665 2.26574953
O 3.69062179 -0.80790073 1.63918294
H 3.21679801 -1.13176269 -2.08098841
H -0.88837175 -4.27966906 0.31335980
O 1.54184530 4.41273189 -0.55848962
H 2.16146508 -2.23812467 -2.31655549
H -1.58567768 -3.63651787 -0.88690281
O 1.00570970 4.25785161 2.05820147
H 1.90640846 -4.65337632 -1.89742757
H 0.29157935 -0.03110537 -1.29251705
O 2.13553558 1.60452502 1.98457110
H 0.60699568 -4.05115834 -1.28552528
H 1.22377123 -0.16913157 -2.50212689
O -0.92497247 -4.31672423 -0.65814664
H -4.95869983 -1.05490536 1.33280751
H -1.41627554 -0.88555433 2.85908903
O 0.55128048 0.44643120 -2.11887643
H -3.97304847 0.05642829 0.87504976
H -2.72875177 -1.45763932 2.30605936
O -1.95891791 -1.69361890 2.85477092
H 1.90245262 1.37416745 -1.26789875
H 4.23168721 -0.51385889 0.08594800
O 4.42262328 -0.27559484 -0.86003082
H 3.38763662 1.25538893 -0.88491306
H 5.37779306 -0.32359252 -0.96003606
66
-1679.624607965871
O -4.43941874 0.02854267 0.86124855
H -5.39334880 0.11111282 0.94779318
H 0.31896432 4.57905144 -2.86656768
O -1.21581552 -4.52876355 0.53003345
H -4.22198341 0.27902931 -0.07677368
H 0.88386032 3.17925682 -2.46608557
O -0.52084653 -0.80413362 2.07840603
H -1.88724026 -3.85030924 0.71437412
H 2.52721250 1.65364167 -2.34826229
O -2.61306471 -2.07096409 0.74689589
H -0.42790128 -4.20532313 0.99850611
H 1.23585405 1.05824251 -2.93541945
O 3.41708161 -1.88905259 2.29412130
H 0.03100454 -1.59783354 1.88727337
H 2.19407017 0.99422392 2.47133402
O -0.67766353 -4.30859903 -2.08501927
H -0.32690529 -0.19519933 1.32640318
H 1.13304582 0.01039667 2.99371632
O 1.01361407 -2.94611012 1.32674491
H -1.93675372 -1.62567352 1.29878821
H -0.59207903 1.55639849 -0.20703404
O 3.89206306 -1.38562741 -0.45242976
H -3.42004968 -1.54392195 0.88704380
H 0.86636818 1.38754328 0.39712362
O -2.07852166 -1.79284309 -1.96782927
H 2.98421304 -1.07047802 2.65599905
H -0.56241981 -0.84016924 -2.29643153
O -2.54022024 1.25907584 2.55929818
H 4.07544325 -2.15353118 2.94318059
H 0.28053516 0.03469608 -1.36569059
O 3.83159255 1.19579905 -1.08065695
H -0.89908649 -4.49769714 -1.13726107
H 2.94733429 1.97912119 0.33740315
O 0.30559369 3.93094146 -2.15643223
H -0.80900988 -5.13644135 -2.55644177
H 1.93032220 3.03851112 0.93647042
O 1.77027939 1.87248614 -2.92164490
H 1.21528614 -2.82522572 0.37057359
H -0.01073528 4.19549068 1.03380496
O 2.06690092 0.25335996 3.09439132
H 1.87291989 -2.82814497 1.77052362
H 0.67688697 4.37725756 -0.33377418
O 0.06613907 0.89379291 0.09690453
H 3.82510181 -1.57480714 0.50107596
H -2.29155966 4.31544629 2.09157546
O 0.32690295 -0.43436999 -2.22992291
H 3.23954069 -1.97212350 -0.87056267
H -2.03809114 2.78526953 2.01917546
O 2.27639531 2.12160938 1.03130806
H -2.23142450 -1.89873578 -1.00411435
H -1.19848178 3.16960180 -1.50836664
O 0.84995656 4.38116570 0.62337487
H -1.79026541 -2.67710251 -2.25171282
H -1.98473167 3.15573966 -0.16513922
O -1.80175858 3.65056279 1.59855741
H -1.89420900 0.54949201 2.68582853
H 1.01861680 -3.40739666 -1.75217627
O -1.79019955 2.61924646 -0.95678755
H -3.25110993 0.85784030 2.02554846
H 1.15786306 -1.87475424 -1.73234218
O 1.54941631 -2.69624304 -1.35341471
H 3.85810311 0.22435798 -0.86865020
H -2.99171469 1.32845094 -1.53081949
O -3.64713496 0.61060909 -1.60041187
H 4.73379481 1.42275603 -1.32652489
H -3.18027814 -0.14650784 -1.98709595
