69
-1755.975979204831
O 2.93038071 2.33660071 -1.66931740
H 2.30251655 2.24571232 -2.40718232
H 0.31049711 2.21996656 3.33489310
O -0.46790392 -0.50337597 2.02590852
H 2.41346206 2.78091270 -0.96986704
H -1.97361842 2.42535565 -2.38324505
O -1.89138511 -1.65437144 -1.82833754
H 0.29991872 -1.11177628 1.94054106
H -1.27950942 3.69828807 -1.88459127
O -2.77096111 0.99754509 -1.49178618
H -1.25452543 -1.00809818 1.73116179
H -1.21324825 1.16500751 -0.47647917
O 2.15744404 2.53534898 2.82346782
H -1.01634379 -1.29085482 -2.07905342
H -0.37491728 0.52925938 0.69093948
O 1.23660007 -4.51678211 -1.09069717
H -1.81455537 -2.61452765 -1.98261855
H 5.09151930 0.32384188 -0.83160333
O 1.70641031 -2.07278570 1.62224893
H -3.45762779 0.99922589 -0.79699205
H 3.70944848 0.99845844 -1.07016457
O 0.51565361 -0.39332275 -2.21381782
H -2.72787524 0.08065177 -1.81124782
H -2.33579884 -3.41813493 1.12217324
O -2.57138956 2.84450043 1.75752822
H 2.75288606 2.96431881 3.44459969
H -1.89516577 -4.41464559 0.03992471
O 0.63252774 -4.64378484 1.69107409
H 2.59227130 1.67535737 2.58673031
H 3.65082001 0.24933029 1.15893964
O -4.10811666 0.89639749 0.89888604
H 1.19098376 -4.68647376 -0.13405237
H 2.81376889 -0.59775932 2.13377941
O -0.60760879 1.91415072 3.40912809
H 1.79116388 -3.72138465 -1.17405551
H -2.41930448 -1.53683518 -0.10817848
O -1.34418023 3.11380305 -2.66056218
H 1.91945719 -2.05944024 0.66315910
H -3.31691576 -0.82735347 0.94599709
O -0.30284504 1.08225470 -0.12813424
H 1.44977112 -2.99455945 1.81073699
H -1.53287062 -5.07825166 -2.42944045
O 4.15528594 0.22071813 -0.63772763
H 0.68391742 0.26829357 -2.91054288
H -0.35749774 -4.44476451 -1.62278923
O -1.91827826 -4.28807426 1.00416241
H 0.32120022 0.15986733 -1.41950867
H -1.19098984 5.46509394 -0.09231149
O 3.28855353 0.24703112 2.06391401
H -2.15137912 3.42802419 1.10578932
H -0.21370168 4.26405121 0.07519074
O -2.69128589 -1.56625291 0.83371895
H -1.85485342 2.59046839 2.38273162
H 1.75612539 -1.42538468 -1.55640955
O -1.33503194 -4.38883560 -1.78895249
H -0.34039003 -4.52060019 1.53881855
H 3.18228860 -1.35280838 -0.99667114
O -1.13196078 4.50968054 -0.18620729
H 0.71416726 -5.35694979 2.33070477
H 0.05528948 2.45169095 -3.28945247
O 2.40910137 -1.94514900 -1.03845269
H -3.55298703 1.63846790 1.27374255
H 0.95999944 2.23406089 -4.53873958
O 0.86858622 1.98202574 -3.61525879
H -5.00741191 1.06989759 1.19180061
H 1.58120885 3.18628017 1.22705699
O 1.19581255 3.27964163 0.33333604
H -0.56216153 0.99036270 3.10459564
H 0.65692386 2.46259608 0.21910589
