15
-381.704869839134
O -2.07019356 0.98854140 0.18851698
H -2.69390453 1.49633367 -0.33630390
H -1.22745317 1.49450676 0.15098883
O -1.59433114 -1.68474042 -0.03393998
H -2.01486950 -2.01611210 -0.83163532
H -1.83321885 -0.73270340 0.01054315
O 0.31446011 2.28295401 0.07081898
H 1.04265299 1.63551986 -0.06294519
H 0.58059639 2.80036721 0.83556456
O 2.24789297 0.40296542 -0.23016759
H 1.87268203 -0.49269785 -0.07332213
H 2.74480989 0.32941136 -1.04906655
O 1.09136353 -2.01412227 0.18636454
H 1.24638665 -2.47998052 1.01216282
H 0.11366383 -1.93503738 0.11374521
15
-381.704854202754
O -1.15949351 1.97419482 -0.23210675
H -0.18477780 1.93078822 -0.10644003
H -1.28752843 2.44364428 -1.06042782
O -2.23941407 -0.48537068 0.14770141
H -2.76533045 -0.41797159 0.94902996
H -1.89103368 0.42136658 -0.00685019
O 1.51777525 1.72476224 0.12424380
H 1.90175115 2.06863908 0.93515869
H 1.77379608 0.77553635 0.10212046
O -0.23090715 -2.30935335 0.06065008
H -0.98375463 -1.67765310 0.10311569
H -0.48675124 -2.95890884 -0.59909512
O 2.11620803 -0.92239355 0.07715662
H 2.69890981 -1.26385098 -0.60580661
H 1.30759237 -1.47913322 0.03524633
15
-381.704832568933
O -2.21554448 0.57075057 -0.17403357
H -2.72814847 0.52674425 -0.98547754
H -1.90509224 -0.34892152 -0.01570765
O -0.14846834 2.32187521 -0.01240277
H -0.37347977 2.92658128 0.69928465
H -0.92068231 1.71674295 -0.08488863
O -1.23498744 -1.92671134 0.22940836
H -0.25750265 -1.92145123 0.11839179
H -1.39346712 -2.38379267 1.05939808
O 2.13809719 0.84228736 -0.12661436
H 2.78530045 1.19208471 0.49075816
H 1.35494231 1.43097328 -0.04988956
O 1.45488791 -1.78488474 -0.09436991
H 1.74343008 -0.84493137 -0.09602233
H 1.82580239 -2.16115647 -0.89698621
