18
-458.050243930632
O -0.35921654 0.66032868 1.70403349
H 0.48387738 0.24478184 1.46606149
H -1.00096128 0.17370798 1.16214939
O 1.77202874 -0.59659445 0.12135318
H 1.35538225 -0.06078792 -0.60578423
H 2.72228751 -0.49953465 0.01340080
O 0.04288025 2.88312174 0.12951739
H -0.54206536 3.63113699 0.27293631
H -0.17328769 2.23111583 0.82893297
O 0.31403336 0.76377541 -1.64191878
H 0.18199259 1.63209002 -1.21518887
H -0.51692626 0.29334277 -1.46887566
O 0.13037902 -2.79310762 0.00956184
H 0.16772631 -3.31339836 0.81700174
H 0.86584103 -2.15058446 0.08135296
O -1.72933868 -0.85118903 -0.37267206
H -1.20686995 -1.67534742 -0.25579395
H -2.62103595 -1.13064966 -0.59766950
18
-458.050172245143
O -0.34234285 -0.65611556 1.62720094
H 0.50257353 -0.21654137 1.44281008
H -0.21802963 -1.55440161 1.26411711
O -0.11763003 2.79337721 -0.16423033
H -0.85705567 2.15428797 -0.22169108
H -0.39891237 3.45073100 0.47804998
O -0.07973745 -2.88272461 0.00534964
H 0.17549589 -2.27672646 -0.72306524
H 0.48564868 -3.65429824 -0.07956483
O -1.74393871 0.59207785 -0.27329662
H -2.69369828 0.44855387 -0.23791185
H -1.35664822 0.09304856 0.49336418
O 1.73918989 0.86540435 0.29827742
H 1.21276050 1.68544406 0.17193623
H 2.65323434 1.14793779 0.39077259
O 0.43110797 -0.79382184 -1.69936926
H -0.41421956 -0.34014852 -1.56241276
H 1.04765309 -0.25543111 -1.17683976
