21
-534.398560789722
O -1.47040388 1.18832152 1.11522538
H -1.02966465 0.35611330 1.45011298
H -2.17151542 1.39114985 1.74052172
O -1.19070234 1.16073826 -1.62758732
H -1.53383676 1.12671459 -0.71249088
H -1.96331157 1.21658400 -2.19695799
O -0.80212662 -2.79236764 -0.08399613
H -0.54774167 -3.71237506 -0.19124062
H -0.30531517 -2.29439049 -0.77213864
O 0.57982781 -1.09795956 -1.70124183
H 1.27025933 -0.76047717 -1.10767313
H -0.02715990 -0.34520634 -1.80465822
O 0.85311075 2.41704568 0.08354030
H 0.07091440 2.22846551 0.63122184
H 0.48446703 2.38876754 -0.80951368
O -0.11305892 -0.94503092 1.83743136
H 0.78116896 -0.72884540 1.52569937
H -0.37890789 -1.70878384 1.28520051
O 2.16488736 0.07232697 0.40925954
H 1.82180157 0.99130236 0.30843790
H 3.10803484 0.15554678 0.57518435
21
-534.397949697081
O 1.44749095 1.07916938 1.27611471
H 0.53438797 0.90146929 1.58322644
H 1.29717427 1.84633902 0.70198120
O 1.96335873 -0.92102878 -0.36893367
H 1.86244421 -0.17668852 0.28752385
H 2.90809176 -1.04293334 -0.49867675
O -0.12367234 2.61997009 -0.55940613
H -0.14142679 1.84848179 -1.17384610
H -0.24243569 3.39914316 -1.10906140
O -0.13903876 0.29165093 -1.94006558
H -0.85615121 -0.22923431 -1.53993759
H 0.66443822 -0.16278013 -1.63914762
O 0.13179889 -2.81368597 0.40206786
H 0.28615726 -3.04901485 1.32134942
H 0.88675391 -2.24054209 0.15297627
O -1.32618637 0.96636020 1.51203502
H -1.26164906 1.69699319 0.87839409
H -1.68842690 0.23534231 0.98580766
O -1.93022823 -1.20760881 -0.28210539
H -1.28148340 -1.89237766 0.00018333
H -2.73706119 -1.67997004 -0.50556637
