24
-610.753226197211
O 0.02065981 1.89902870 -1.35532269
H -0.77903483 1.36601024 -1.50886698
H -0.03299350 2.13844277 -0.41341638
O -0.02065981 -1.89902870 -1.35532269
H 0.03299350 -2.13844277 -0.41341638
H 0.77903483 -1.36601024 -1.50886698
O -0.10734807 1.98799190 1.47946745
H -0.84080549 1.32108263 1.52869325
H -0.32639854 2.68053367 2.10905100
O 1.98799190 0.10734807 -1.47946745
H 1.32108263 0.84080549 -1.52869325
H 2.68053367 0.32639854 -2.10905100
O -1.89902870 0.02065981 1.35532269
H -2.13844277 -0.03299350 0.41341638
H -1.36601024 -0.77903483 1.50886698
O -1.98799190 -0.10734807 -1.47946745
H -1.32108263 -0.84080549 -1.52869325
H -2.68053367 -0.32639854 -2.10905100
O 0.10734807 -1.98799190 1.47946745
H 0.84080549 -1.32108263 1.52869325
H 0.32639854 -2.68053367 2.10905100
O 1.89902870 -0.02065981 1.35532269
H 1.36601024 0.77903483 1.50886698
H 2.13844277 0.03299350 0.41341638
24
-610.753310027207
O 1.36660032 1.36660032 1.31872100
H 1.51174383 0.42459088 1.51490506
H 0.42459088 1.51174383 1.51490506
O -1.46840116 -1.46840116 -1.34546438
H -2.10311105 -2.10311105 -1.68929956
H -1.52349463 -1.52349463 -0.35604814
O 1.36660032 -1.36660032 -1.31872100
H 1.51174383 -0.42459088 -1.51490506
H 0.42459088 -1.51174383 -1.51490506
O -1.46840116 1.46840116 1.34546438
H -1.52349463 1.52349463 0.35604814
H -2.10311105 2.10311105 1.68929956
O -1.36660032 -1.36660032 1.31872100
H -0.42459088 -1.51174383 1.51490506
H -1.51174383 -0.42459088 1.51490506
O -1.36660032 1.36660032 -1.31872100
H -1.51174383 0.42459088 -1.51490506
H -0.42459088 1.51174383 -1.51490506
O 1.46840116 1.46840116 -1.34546438
H 1.52349463 1.52349463 -0.35604814
H 2.10311105 2.10311105 -1.68929956
O 1.46840116 -1.46840116 1.34546438
H 1.52349463 -1.52349463 0.35604814
H 2.10311105 -2.10311105 1.68929956
