27
-687.097355422106
O 1.33566883 -0.46116388 -2.03757328
H 1.63243500 -0.48259216 -2.95157816
H 0.35003061 -0.34929714 -2.06823826
O -2.01530263 1.73703081 0.00000000
H -2.83542737 2.23820621 0.00000000
H -1.28757885 2.40255360 0.00000000
O 1.33566883 -0.46116388 2.03757328
H 1.63243500 -0.48259216 2.95157816
H 0.35003061 -0.34929714 2.06823826
O -1.32138225 -0.29564973 1.86466591
H -1.53859281 -1.07709606 1.32716302
H -1.61691697 0.45882531 1.32529842
O 0.19985611 3.20380062 0.00000000
H 0.55778432 4.09353359 0.00000000
H 0.96896301 2.58077147 0.00000000
O -1.32138225 -0.29564973 -1.86466591
H -1.53859281 -1.07709606 -1.32716302
H -1.61691697 0.45882531 -1.32529842
O 2.10967708 1.34970725 0.00000000
H 1.96116658 0.77088544 0.76837414
H 1.96116658 0.77088544 -0.76837414
O 1.21538194 -2.42901314 0.00000000
H 1.42966166 -1.87045285 0.76785148
H 1.42966166 -1.87045285 -0.76785148
O -1.44610105 -2.42515999 0.00000000
H -1.84168376 -3.30104640 0.00000000
H -0.46207027 -2.56030078 0.00000000
